                Modalist: [(0,), (3, 4), (0, 4, 2), (2, 3, 4, 1), (4, 3, 1, 0, 2), (4, 3, 1, 2, 0), (1, 0, 3), (4, 0, 1, 2), (4,), (1,), (3, 2, 0), (1, 3, 4, 0, 2), (2, 3), (4, 2, 0, 3, 1), (3,), (0, 3, 2), (2,), (0, 4), (3, 0, 4), (0, 1), (0, 4, 2, 1), (2, 4), (1, 2), (0, 2, 3, 1, 4), (3, 4, 1), (2, 1, 4), (1, 0), (4, 2, 0, 3), (0, 2, 4), (2, 0)]
                1((1,), 255.0, 'max', 1.0, (3,), 255.0, 'max', 1.0)
                2((1, 3), 2280.0, 'max', 2.0, (1, 4), 2775.0, 'max', 2.0)
                3((0, 1, 3), 27315.0, 'max', 3.0, (1, 2, 3), 27315.0, 'max', 3.0)
                4((0, 1, 3, 4), 358785.0, 'max', 4.0, (0, 1, 2, 3), 359025.0, 'max', 4.0)
Modalist: [(3,), (4, 2), (4, 2, 0), (3, 4, 1, 0), (3, 2, 0, 4, 1), (0,), (2, 1, 0, 3), (3, 4, 2, 0, 1), (0, 4, 1), (1,), (3, 2), (3, 0), (1, 4, 2, 3, 0), (4, 1), (0, 3, 2), (2, 3, 4), (3, 1, 4), (0, 2), (4,), (2, 3, 0, 1), (1, 0), (4, 3, 0), (0, 1, 4), (0, 3), (0, 3, 4, 1, 2), (1, 4), (4, 1, 2, 0, 3), (3, 2, 1, 0), (2, 4, 0, 3), (0, 2, 3, 4, 1)]
1((2,), 270.0, 'max', 1.0, (1,), 285.0, 'max', 1.0)
2((1, 2), 2550.0, 'max', 2.0, (2, 4), 2790.0, 'max', 2.0)
3((1, 2, 4), 28020.0, 'max', 3.0, (2, 3, 4), 35475.0, 'max', 3.0)
4((1, 2, 3, 4), 424305.0, 'max', 4.0, (0, 1, 2, 4), 428385.0, 'max', 4.0)
Modalist: [(0,), (2, 3), (0, 1, 2), (3, 4, 1, 0), (0, 4, 1, 2, 3), (3, 1), (4,), (1,), (2, 0, 1, 3, 4), (3,), (4, 2), (4, 0, 3, 1), (3, 0, 1, 2, 4), (3, 0, 4, 2, 1), (2, 4), (0, 1, 2, 4), (2, 0, 4, 3), (1, 0, 2), (0, 2, 3), (2, 4, 1, 0, 3), (3, 2, 4), (0, 1), (3, 4, 0), (4, 1), (2, 0, 4, 1, 3), (4, 2, 3, 1, 0), (2, 1, 3, 4), (1, 2, 0, 4), (2, 3, 1), (3, 2)]
1((0,), 300.0, 'max', 1.0, (1,), 315.0, 'max', 1.0)
2((0, 3), 3285.0, 'max', 2.0, (1, 3), 3300.0, 'max', 2.0)
3((0, 1, 3), 39795.0, 'max', 3.0, (0, 2, 3), 40035.0, 'max', 3.0)
4((0, 1, 2, 3), 501345.0, 'max', 4.0, (1, 2, 3, 4), 555585.0, 'max', 4.0)
Modalist: [(3,), (1, 2), (3, 1, 0), (1, 4, 3, 2), (2, 0, 1, 3, 4), (2, 0, 4, 1, 3), (3, 1, 4, 2, 0), (1, 0), (1,), (1, 4, 3), (0, 3, 4, 2, 1), (1, 2, 3), (2, 0), (0, 1), (0, 2), (3, 0, 2), (3, 2), (4, 0, 2, 3), (4,), (4, 3, 1), (3, 1), (0,), (2, 4), (1, 0, 3), (1, 0, 4, 2), (2,), (3, 0, 2, 1, 4), (3, 4), (0, 2, 4, 1), (2, 3)]
1((4,), 240.0, 'max', 1.0, (0,), 270.0, 'max', 1.0)
2((0, 4), 2280.0, 'max', 2.0, (0, 3), 2565.0, 'max', 2.0)
3((0, 3, 4), 27075.0, 'max', 3.0, (0, 1, 4), 30900.0, 'max', 3.0)
4((0, 1, 3, 4), 362145.0, 'max', 4.0, (0, 1, 2, 3), 363105.0, 'max', 4.0)
Modalist: [(2,), (4, 0), (2, 0, 1), (2, 1, 0, 4), (4, 2, 1, 0, 3), (3, 4), (4, 3, 0), (4, 2, 0, 1), (0, 2, 4, 1), (4, 1, 0, 3), (0, 2), (2, 4, 0, 3, 1), (3, 4, 0, 1), (0, 2, 3, 1), (3, 2), (4, 3, 1), (4, 3, 2), (0, 4, 1), (1,), (0, 2, 1, 4, 3), (1, 4, 3, 2, 0), (2, 4, 1), (3, 0, 4, 2, 1), (0,), (4, 3, 1, 2, 0), (0, 1, 2, 3, 4), (1, 0, 2), (3, 0), (2, 0), (4, 2, 3)]
1((3,), 285.0, 'max', 1.0, (1,), 315.0, 'max', 1.0)
2((1, 3), 3045.0, 'max', 2.0, (2, 3), 3060.0, 'max', 2.0)
3((1, 2, 3), 35970.0, 'max', 3.0, (0, 2, 3), 36465.0, 'max', 3.0)
4((0, 2, 3, 4), 498465.0, 'max', 4.0, (1, 2, 3, 4), 501345.0, 'max', 4.0)
Modalist: [(4,), (3, 1), (1, 0, 2), (1, 0, 2, 3), (1, 4, 3, 0, 2), (1, 4), (3, 2), (1, 0), (2, 4, 0, 1), (2, 1, 4), (4, 1, 3), (3,), (3, 1, 0, 4, 2), (1,), (0, 3, 1, 4), (0, 2, 1), (4, 0), (1, 2), (1, 4, 2, 3), (2,), (3, 1, 4, 0, 2), (0,), (4, 3), (3, 1, 4), (0, 3, 2), (3, 0), (1, 0, 3, 4), (2, 4, 1, 0), (3, 2, 4, 1, 0), (3, 2, 1, 4, 0)]
1((2,), 270.0, 'max', 1.0, (0,), 285.0, 'max', 1.0)
2((2, 3), 2550.0, 'max', 2.0, (2, 4), 2550.0, 'max', 2.0)
3((2, 3, 4), 27555.0, 'max', 3.0, (0, 2, 3), 31155.0, 'max', 3.0)
4((0, 2, 3, 4), 358785.0, 'max', 4.0, (0, 1, 2, 3), 428145.0, 'max', 4.0)
Modalist: [(3,), (4, 0), (4, 3, 2), (0, 1, 2, 4), (4, 3, 2, 0, 1), (2,), (2, 0), (2, 0, 4, 1, 3), (0, 1), (4,), (1, 0, 2), (1, 4, 0), (0,), (0, 1, 2), (2, 3, 4), (4, 2), (4, 0, 1), (4, 1, 3, 0), (1, 0, 4, 3, 2), (2, 1, 4, 3), (2, 0, 3, 4), (2, 3, 1, 4, 0), (4, 2, 3, 1, 0), (4, 0, 2), (2, 4, 0), (0, 3, 2, 1), (1, 0, 2, 3), (4, 1), (1, 0), (4, 0, 2, 3)]
1((3,), 240.0, 'max', 1.0, (1,), 285.0, 'max', 1.0)
2((1, 3), 2520.0, 'max', 2.0, (0, 3), 2820.0, 'max', 2.0)
3((1, 3, 4), 31395.0, 'max', 3.0, (1, 2, 4), 32610.0, 'max', 3.0)
4((1, 2, 3, 4), 428145.0, 'max', 4.0, (0, 1, 3, 4), 428625.0, 'max', 4.0)
Modalist: [(1,), (0, 4), (1, 4, 2), (1, 2, 3, 4), (2, 1, 0, 3, 4), (4, 3, 0), (0, 3, 4, 1, 2), (4, 3, 0, 1, 2), (2, 4, 1, 3), (1, 3, 2), (4, 0, 3, 2, 1), (0, 4, 1), (4, 2, 0), (0, 1, 2, 3), (0, 3, 1), (0, 4, 3, 2, 1), (0,), (4, 3, 0, 2), (2, 4, 1, 0, 3), (1, 4), (2, 1, 4), (3, 1, 2, 4), (4, 1, 2, 0, 3), (0, 2, 3, 1, 4), (0, 1), (3, 2, 4, 0, 1), (0, 2, 4, 1, 3), (3, 0, 4), (2, 3, 0, 1, 4), (2, 0)]
1((3,), 330.0, 'max', 1.0, (2,), 345.0, 'max', 1.0)
2((0, 2), 4050.0, 'max', 2.0, (0, 1), 4080.0, 'max', 2.0)
3((0, 1, 2), 52320.0, 'max', 3.0, (0, 1, 4), 52800.0, 'max', 3.0)
4((0, 1, 3, 4), 759600.0, 'max', 4.0, (0, 1, 2, 4), 759840.0, 'max', 4.0)
Modalist: [(0,), (4, 3), (2, 1, 0), (2, 1, 4, 0), (2, 1, 0, 3, 4), (3, 2, 1), (3, 1, 0, 2, 4), (4,), (0, 2), (0, 3), (4, 2, 0, 3, 1), (1, 2, 4, 3), (4, 0, 1, 3), (0, 3, 4, 1), (0, 4, 2), (1, 0, 4), (1, 4, 0, 3), (0, 4, 1, 3), (2, 1, 0, 4), (0, 2, 1, 4, 3), (4, 2, 3, 1, 0), (4, 2, 3, 1), (0, 1, 3), (3, 0, 2, 4, 1), (1, 0, 2, 3, 4), (4, 0), (1, 2, 3, 0), (2, 1, 4, 0, 3), (0, 1, 4, 3), (1, 4, 3)]
1((2,), 285.0, 'max', 1.0, (3,), 345.0, 'max', 1.0)
2((2, 3), 3300.0, 'max', 2.0, (2, 4), 3555.0, 'max', 2.0)
3((0, 2, 3), 40785.0, 'max', 3.0, (2, 3, 4), 44145.0, 'max', 3.0)
4((0, 2, 3, 4), 571680.0, 'max', 4.0, (0, 1, 2, 3), 640305.0, 'max', 4.0)
Modalist: [(1,), (2, 3), (4, 1, 3), (2, 0, 1, 4), (4, 1, 3, 2, 0), (0,), (4, 2, 0, 3, 1), (1, 3), (4, 2, 3), (0, 2, 1, 3, 4), (2, 3, 4, 0), (3, 2), (0, 1, 4, 2, 3), (1, 3, 4, 2, 0), (3, 1, 0, 2), (2, 1, 4, 3, 0), (0, 3), (4, 0, 3, 2, 1), (1, 3, 4), (0, 4, 2, 1), (2, 0, 3, 1), (1, 4, 2, 3, 0), (2,), (2, 0, 4, 1, 3), (4, 3), (4, 0), (0, 3, 4, 2, 1), (4,), (1, 0, 4, 3, 2), (1, 0, 2, 4)]
1((0,), 330.0, 'max', 1.0, (1,), 330.0, 'max', 1.0)
2((0, 3), 4035.0, 'max', 2.0, (0, 1), 4230.0, 'max', 2.0)
3((0, 3, 4), 52050.0, 'max', 3.0, (0, 1, 3), 55410.0, 'max', 3.0)
4((0, 1, 3, 4), 755025.0, 'max', 4.0, (1, 2, 3, 4), 758865.0, 'max', 4.0)
Modalist: [(2,), (0, 3), (0, 2, 1), (2, 4, 3, 0), (1, 2, 4, 0, 3), (0,), (1, 3, 2, 4, 0), (3, 1, 4), (4, 1, 2, 0), (2, 0, 3, 1, 4), (1, 0, 3), (2, 3), (3, 4, 0), (0, 3, 2, 4), (2, 1, 0), (0, 4), (1, 3, 0, 2, 4), (3, 1, 4, 0, 2), (4, 3), (4, 0), (0, 2, 4, 3, 1), (3, 4, 2, 1), (1, 4, 3), (0, 2, 3, 1, 4), (3,), (1, 0, 4, 3, 2), (3, 1, 0, 2), (3, 0, 2, 1, 4), (4, 2, 1, 0), (0, 1, 3, 4, 2)]
1((1,), 315.0, 'max', 1.0, (2,), 330.0, 'max', 1.0)
2((1, 4), 4005.0, 'max', 2.0, (1, 3), 4020.0, 'max', 2.0)
3((1, 2, 3), 51795.0, 'max', 3.0, (0, 1, 3), 52065.0, 'max', 3.0)
4((0, 1, 3, 4), 697905.0, 'max', 4.0, (1, 2, 3, 4), 751185.0, 'max', 4.0)
Modalist: [(2,), (4, 2), (2, 4, 3), (1, 4, 2, 3), (3, 2, 0, 1, 4), (4, 3, 1, 2, 0), (1, 0, 4, 3), (4,), (3, 0, 2, 4, 1), (0,), (3, 1, 0), (1, 3, 2), (0, 4, 1), (4, 2, 3), (1, 4), (0, 1, 3, 2, 4), (1, 4, 0, 2, 3), (3, 4, 0, 2), (0, 4), (1, 4, 0), (0, 1, 2, 4), (4, 2, 1), (1, 2, 0, 3, 4), (0, 4, 2), (2, 0, 3), (2, 4), (1, 0, 2), (4, 3), (2, 4, 1), (1, 3, 4, 2, 0)]
1((3,), 270.0, 'max', 1.0, (0,), 300.0, 'max', 1.0)
2((0, 3), 3015.0, 'max', 2.0, (1, 3), 3015.0, 'max', 2.0)
3((0, 1, 3), 39060.0, 'max', 3.0, (0, 2, 3), 39330.0, 'max', 3.0)
4((0, 1, 2, 3), 493425.0, 'max', 4.0, (0, 1, 3, 4), 551745.0, 'max', 4.0)
Modalist: [(0,), (2, 4), (3, 4, 1), (1, 3, 4, 2), (2, 0, 3, 1, 4), (3,), (2, 1), (3, 2), (2,), (3, 2, 4, 1, 0), (1, 2), (2, 0, 1, 3), (4, 2), (2, 3, 0), (2, 0, 1, 4), (1, 4, 3, 2, 0), (4, 3), (2, 4, 3), (3, 4, 0, 1), (2, 1, 0, 3), (1,), (0, 2, 4, 3), (0, 1, 4, 3, 2), (2, 3, 4, 1), (3, 2, 4, 1), (4, 3, 1, 0), (1, 0, 2, 4, 3), (3, 2, 1, 4), (1, 4), (4, 2, 3, 0)]
1((0,), 240.0, 'max', 1.0, (1,), 315.0, 'max', 1.0)
2((0, 1), 2775.0, 'max', 2.0, (0, 4), 2790.0, 'max', 2.0)
3((0, 1, 4), 35475.0, 'max', 3.0, (0, 1, 2), 35730.0, 'max', 3.0)
4((0, 1, 2, 4), 436305.0, 'max', 4.0, (0, 1, 3, 4), 500865.0, 'max', 4.0)
Modalist: [(2,), (2, 3), (1, 4, 0), (2, 3, 0, 1), (1, 4, 3, 2, 0), (2, 4, 3), (1, 2, 3, 0), (3, 2), (2, 3, 1, 4, 0), (4, 0, 1), (2, 0, 1, 4), (2, 4, 0, 1, 3), (4, 0, 1, 3, 2), (3,), (3, 1, 4, 0), (2, 3, 4, 1), (2, 3, 1, 0, 4), (0, 1), (0,), (4,), (2, 4, 3, 0), (2, 4, 0), (0, 2, 4), (2, 3, 4), (1, 0, 3), (3, 1, 0, 4, 2), (4, 2, 3), (4, 2), (4, 1), (4, 2, 0, 3)]
1((1,), 270.0, 'max', 1.0, (0,), 315.0, 'max', 1.0)
2((1, 2), 2835.0, 'max', 2.0, (1, 3), 3030.0, 'max', 2.0)
3((1, 3, 4), 35970.0, 'max', 3.0, (1, 2, 4), 36450.0, 'max', 3.0)
4((0, 1, 3, 4), 497505.0, 'max', 4.0, (1, 2, 3, 4), 497985.0, 'max', 4.0)
        # Chosen
        Modalist: [(3,), (2, 0), (1, 2, 4), (2, 4, 3, 0), (1, 0, 2, 4, 3), (3, 1, 4), (4, 0), (1,), (4,), (3, 1, 0), (3, 0), (2,), (1, 2, 4, 3, 0), (4, 1, 3, 2), (3, 0, 1, 4), (1, 0, 4), (3, 4, 2), (3, 4, 0), (2, 4, 1), (0, 3), (4, 1), (0,), (4, 0, 3), (0, 1, 3, 2), (0, 2, 3, 1, 4), (1, 4, 3, 2), (1, 2, 0), (0, 3, 2), (1, 4, 3), (0, 3, 1)]
        1((2,), 240.0, 'max', 1.0, (1,), 285.0, 'max', 1.0)
        2((0, 2), 2310.0, 'max', 2.0, (1, 2), 2520.0, 'max', 2.0)
        3((0, 2, 4), 20130.0, 'max', 3.0, (0, 1, 2), 23490.0, 'max', 3.0)
        4((0, 1, 2, 4), 236385.0, 'max', 4.0, (0, 1, 2, 3), 297825.0, 'max', 4.0)
Modalist: [(2,), (4, 1), (1, 2, 3), (4, 2, 1, 3), (2, 4, 3, 1, 0), (3, 1, 0, 2), (3, 1, 0, 4), (1, 0), (1,), (2, 1, 3), (0,), (4, 1, 0, 2, 3), (4, 2, 1), (3, 1, 2, 4), (0, 4), (4, 0, 3, 1, 2), (4, 3, 0, 1, 2), (4, 0), (1, 3), (1, 0, 3), (3,), (2, 3, 1, 4), (0, 2, 3), (2, 3), (3, 0), (1, 4, 2, 0, 3), (4,), (1, 2), (3, 1, 4, 2, 0), (1, 4, 3)]
1((0,), 255.0, 'max', 1.0, (4,), 270.0, 'max', 1.0)
2((0, 2), 2310.0, 'max', 2.0, (0, 4), 2520.0, 'max', 2.0)
3((0, 2, 4), 27075.0, 'max', 3.0, (0, 3, 4), 31395.0, 'max', 3.0)
4((0, 2, 3, 4), 420225.0, 'max', 4.0, (0, 1, 2, 4), 420465.0, 'max', 4.0)
Modalist: [(4,), (2, 1), (0, 1, 3), (4, 0, 3, 1), (4, 0, 2, 3, 1), (4, 1, 0), (1, 0, 2, 4), (3, 2), (4, 1, 3, 2), (3, 2, 1), (1,), (2, 1, 4), (4, 2, 1, 3), (0,), (1, 2, 0), (4, 3, 1, 0), (0, 3, 1), (1, 4, 0), (0, 2), (0, 1, 2, 3, 4), (3, 1, 0, 2, 4), (4, 0, 3, 2, 1), (2,), (4, 3, 0), (2, 4, 0, 3, 1), (3, 4, 2, 1), (4, 3), (3,), (0, 4, 2, 3, 1), (4, 1, 3, 0)]
1((2,), 285.0, 'max', 1.0, (0,), 300.0, 'max', 1.0)
2((0, 2), 2580.0, 'max', 2.0, (2, 3), 3045.0, 'max', 2.0)
3((0, 2, 3), 28290.0, 'max', 3.0, (0, 2, 4), 31890.0, 'max', 3.0)
4((0, 2, 3, 4), 428625.0, 'max', 4.0, (0, 1, 2, 3), 440145.0, 'max', 4.0)
Modalist: [(2,), (4, 1), (0, 4, 2), (0, 2, 3, 1), (0, 3, 2, 4, 1), (0, 2, 1), (1,), (2, 1), (2, 3, 0, 4), (3, 2, 1), (2, 4, 0, 1), (1, 2), (2, 4), (4, 1, 0), (4, 1, 2, 3), (4,), (3,), (4, 1, 3, 2, 0), (2, 3), (2, 3, 1, 4, 0), (2, 1, 0, 3), (4, 0, 2, 1), (0, 3, 2), (2, 1, 3, 0, 4), (2, 0, 3, 1), (2, 4, 0, 1, 3), (2, 0, 3, 1, 4), (2, 3, 1), (2, 1, 4, 0), (0, 4)]
1((3,), 270.0, 'max', 1.0, (4,), 285.0, 'max', 1.0)
2((3, 4), 2325.0, 'max', 2.0, (0, 3), 3015.0, 'max', 2.0)
3((0, 3, 4), 31620.0, 'max', 3.0, (1, 3, 4), 31665.0, 'max', 3.0)
4((0, 1, 3, 4), 431985.0, 'max', 4.0, (0, 2, 3, 4), 497505.0, 'max', 4.0)
Modalist: [(1,), (2, 1), (0, 1, 3), (0, 4, 2, 1), (0, 1, 3, 4, 2), (4, 3, 2, 1), (2, 0, 4), (3, 1, 0, 4, 2), (4, 0, 3), (3, 0, 4, 1, 2), (4,), (0, 2, 1, 4), (4, 1, 3, 2), (3,), (3, 1, 2), (2, 3, 4, 1), (0, 4, 2, 3), (2, 4, 0), (4, 1, 2, 3), (3, 1), (0,), (2,), (1, 0, 3), (2, 3), (3, 4, 2, 1), (1, 3, 2, 4), (4, 3, 0, 2, 1), (3, 2, 1, 0, 4), (1, 4), (0, 1, 3, 2, 4)]
1((0,), 255.0, 'max', 1.0, (3,), 330.0, 'max', 1.0)
2((0, 3), 2805.0, 'max', 2.0, (0, 1), 2820.0, 'max', 2.0)
3((0, 2, 3), 32595.0, 'max', 3.0, (0, 3, 4), 35955.0, 'max', 3.0)
4((0, 1, 3, 4), 443745.0, 'max', 4.0, (0, 1, 2, 3), 443985.0, 'max', 4.0)
        Modalist: [(1,), (3, 1), (0, 3, 1), (1, 0, 4, 3), (1, 4, 3, 0, 2), (4, 2, 0), (1, 0), (3, 4, 0), (2, 0), (0, 1, 3, 2), (3, 0, 4, 2, 1), (1, 2), (2,), (4, 0, 2, 3), (3, 1, 4), (3,), (0, 1, 2), (0, 2), (2, 1), (1, 2, 0, 4), (0, 1, 3, 4), (0,), (1, 4), (4, 2, 0, 1, 3), (4, 1), (0, 4, 2, 3), (3, 2, 0, 1, 4), (4,), (4, 3, 2), (0, 3, 4, 1)]
        1((2,), 270.0, 'max', 1.0, (3,), 270.0, 'max', 1.0)
        2((2, 3), 2310.0, 'max', 2.0, (2, 4), 2550.0, 'max', 2.0)
        3((1, 2, 3), 23970.0, 'max', 3.0, (1, 2, 4), 24210.0, 'max', 3.0)
        4((1, 2, 3, 4), 301425.0, 'max', 4.0, (0, 1, 2, 3), 363105.0, 'max', 4.0)
