
Modalist: [(0,), (4, 1), (3, 0, 2), (4, 1, 3, 2), (3, 2, 0, 1, 4), (4, 3), (2, 4, 3), (1, 4, 0, 3), (0, 1, 4, 2, 3), (2, 0, 4), (3, 0, 1, 2, 4), (3, 1), (4, 2), (2,), (4, 2, 3, 0), (1, 2), (1, 4, 3, 0, 2), (1, 0), (2, 3, 0, 4, 1), (2, 1, 0, 4, 3), (3,), (0, 2, 1), (0, 1), (3, 2, 4), (1,), (4, 3, 2, 0), (0, 4, 3, 2, 1), (0, 1, 2, 3), (2, 0, 1, 4, 3), (4,), (1, 2, 0), (0, 4, 2, 1, 3), (4, 3, 1), (0, 2), (1, 2, 0, 3), (1, 3), (0, 1, 2), (2, 3), (3, 2, 1, 0), (0, 2, 4)]
1((4,), 370.0, 'max', 1.0, (0,), 415.0, 'max', 1.0)
2((1, 4), 3670.0, 'max', 2.0, (0, 4), 3895.0, 'max', 2.0)
3((0, 1, 4), 44995.0, 'max', 3.0, (1, 2, 4), 45490.0, 'max', 3.0)
4((0, 1, 2, 4), 641665.0, 'max', 4.0, (0, 1, 3, 4), 687745.0, 'max', 4.0)

Modalist: [(0,), (0, 4), (0, 1, 2), (1, 2, 0, 4), (4, 3, 2, 0, 1), (3, 1, 4), (4, 0, 1, 3), (0, 2, 1, 3, 4), (1, 2, 4, 0), (0, 3, 2), (4,), (1, 4, 0, 3), (1, 0), (3, 1, 0, 2, 4), (4, 0, 2), (1, 2, 4), (0, 2, 1, 4), (2, 3, 1), (3, 2, 0, 1), (1, 0, 2, 4, 3), (0, 3, 4, 2), (2, 1, 3), (3, 0, 1, 4), (4, 3, 0, 1, 2), (2, 3, 1, 0), (3, 0, 1, 2), (4, 2), (1, 4, 2, 0, 3), (3, 1, 2, 0, 4), (0, 2), (2,), (4, 3), (3,), (4, 0, 3, 2, 1), (0, 4, 2, 3, 1), (4, 3, 0, 1), (4, 3, 0), (4, 2, 1), (2, 1, 4, 3, 0), (3, 4)]
1((3,), 430.0, 'max', 1.0, (1,), 445.0, 'max', 1.0)
2((2, 3), 4660.0, 'max', 2.0, (2, 4), 4915.0, 'max', 2.0)
3((2, 3, 4), 50530.0, 'max', 3.0, (1, 2, 3), 64915.0, 'max', 3.0)
4((1, 2, 3, 4), 722785.0, 'max', 4.0, (0, 2, 3, 4), 777040.0, 'max', 4.0)

Modalist: [(3,), (0, 3), (4, 2, 0), (1, 4, 2, 0), (3, 4, 1, 2, 0), (4, 0), (3, 2, 4), (1, 3, 4, 2, 0), (1, 4, 2, 3, 0), (3, 0, 1, 2, 4), (3, 4), (1, 3, 0, 4), (2, 4, 3, 1, 0), (2, 1), (2,), (0, 1, 3, 2), (1, 2, 0), (0, 4, 1, 2, 3), (2, 4), (0, 4, 1), (0, 4), (0, 4, 1, 2), (2, 0, 4, 3), (1,), (4,), (1, 3), (4, 3, 2, 0), (1, 2, 3), (3, 2, 0), (0, 3, 1), (1, 2, 3, 0), (2, 4, 3, 0, 1), (2, 0, 1, 3, 4), (4, 1), (1, 2, 0, 3), (4, 3), (2, 3, 1, 0, 4), (4, 3, 0, 1, 2), (0, 1, 2, 3, 4), (0, 2)]
1((1,), 415.0, 'max', 1.0, (3,), 430.0, 'max', 1.0)
2((1, 4), 4405.0, 'max', 2.0, (3, 4), 4645.0, 'max', 2.0)
3((1, 3, 4), 53170.0, 'max', 3.0, (1, 2, 4), 57010.0, 'max', 3.0)
4((1, 2, 3, 4), 764800.0, 'max', 4.0, (0, 1, 3, 4), 826465.0, 'max', 4.0)

Modalist: [(3,), (2, 3), (1, 4, 2), (3, 0, 2, 4), (3, 1, 4, 2, 0), (1, 0), (0, 1, 2), (1, 2, 4), (2, 0, 4), (1, 2), (3, 1, 2, 4), (2,), (0, 2, 3), (0, 3, 2, 1), (4, 1, 2, 3, 0), (3, 0), (0,), (1, 3), (2, 1, 4), (4, 1, 0, 3), (4, 0), (2, 4, 0), (1, 2, 3), (0, 1, 2, 4), (4, 1, 2, 3), (2, 0), (3, 4, 2), (2, 1, 0, 3, 4), (3, 2, 1, 0, 4), (0, 2, 1, 4, 3), (3, 0, 1, 4), (1, 3, 4, 2, 0), (3, 0, 2, 1, 4), (3, 0, 4), (0, 2), (4, 2, 1, 0, 3), (1, 4), (1, 0, 3, 4), (0, 3), (1, 2, 0, 3, 4)]
1((1,), 415.0, 'max', 1.0, (3,), 415.0, 'max', 1.0)
2((0, 1), 4420.0, 'max', 2.0, (1, 3), 4615.0, 'max', 2.0)
3((0, 1, 2), 53665.0, 'max', 3.0, (0, 2, 3), 53665.0, 'max', 3.0)
4((0, 1, 2, 3), 700240.0, 'max', 4.0, (0, 2, 3, 4), 707440.0, 'max', 4.0)

Modalist: [(4,), (0, 4), (2, 3, 4), (4, 1, 0, 2), (4, 2, 3, 1, 0), (3, 1, 2, 4, 0), (0, 3), (0, 2, 4, 3, 1), (1,), (0, 3, 1, 2, 4), (2, 4, 0, 3), (0,), (3, 4, 1, 2), (4, 2, 1, 0), (4, 2, 1), (1, 0, 4, 2, 3), (0, 1, 4, 3, 2), (2, 3), (1, 0, 4), (0, 1, 2), (0, 1), (2,), (4, 0, 2, 1), (3, 2, 4, 0, 1), (3, 0), (2, 0, 1), (1, 4, 2, 0), (0, 3, 1), (3,), (3, 1, 2, 4), (4, 0, 1), (1, 4, 0, 3), (3, 2, 1), (2, 0), (1, 2, 3, 4), (3, 4, 2), (4, 1, 0, 3, 2), (3, 4, 1), (0, 2), (2, 1, 0)]
1((3,), 370.0, 'max', 1.0, (4,), 415.0, 'max', 1.0)
2((0, 3), 3700.0, 'max', 2.0, (1, 3), 4150.0, 'max', 2.0)
3((0, 2, 3), 42130.0, 'max', 3.0, (0, 3, 4), 45250.0, 'max', 3.0)
4((0, 1, 2, 3), 584785.0, 'max', 4.0, (0, 2, 3, 4), 634705.0, 'max', 4.0)

Modalist: [(0,), (1, 2), (0, 3, 1), (4, 3, 0, 1), (3, 4, 1, 0, 2), (4, 0), (1, 0, 4), (2, 1, 0, 4), (2,), (4, 3), (4, 2, 0, 1, 3), (1, 2, 0, 3, 4), (4, 1, 2, 0), (1,), (3,), (0, 1, 4), (1, 3, 0), (0, 3), (4,), (1, 0, 2, 4), (4, 1), (4, 3, 2, 0, 1), (0, 2, 3, 4), (4, 3, 0, 2, 1), (2, 1, 4, 3, 0), (3, 4, 2, 1), (2, 3, 0, 1), (3, 1, 0), (3, 1), (4, 0, 3, 2, 1), (0, 1), (2, 0, 3), (4, 2, 1), (1, 3, 0, 4, 2), (1, 0, 2, 4, 3), (2, 4, 3, 1), (0, 4, 1, 2), (3, 0), (0, 1, 2), (0, 4, 3)]
1((2,), 370.0, 'max', 1.0, (3,), 400.0, 'max', 1.0)
2((2, 3), 3880.0, 'max', 2.0, (3, 4), 4150.0, 'max', 2.0)
3((2, 3, 4), 51955.0, 'max', 3.0, (0, 2, 3), 52915.0, 'max', 3.0)
4((0, 2, 3, 4), 699265.0, 'max', 4.0, (0, 1, 2, 3), 711025.0, 'max', 4.0)

Modalist: [(4,), (2, 1), (4, 1, 2), (2, 3, 0, 1), (3, 2, 1, 4, 0), (2, 0, 3), (3, 2, 4), (4, 3, 0, 2, 1), (1, 0, 3, 2, 4), (1,), (4, 0, 3, 1, 2), (0, 4, 2, 3), (0,), (3, 2), (3,), (2, 4, 3), (2,), (2, 3, 1), (1, 0, 2), (1, 4, 0), (3, 1, 4, 0, 2), (0, 2, 4), (2, 0, 4, 1, 3), (3, 4, 2, 0), (2, 3), (4, 0, 1, 2), (1, 2), (4, 0, 2), (1, 0, 4), (4, 2, 1), (3, 1, 4, 2), (3, 2, 1, 0), (1, 0, 2, 3, 4), (0, 2), (2, 4, 1, 0, 3), (1, 3, 0), (1, 2, 4), (3, 0), (4, 3), (1, 4, 2, 0, 3)]
1((0,), 400.0, 'max', 1.0, (1,), 400.0, 'max', 1.0)
2((1, 3), 3910.0, 'max', 2.0, (3, 4), 4135.0, 'max', 2.0)
3((1, 3, 4), 44995.0, 'max', 3.0, (0, 3, 4), 48820.0, 'max', 3.0)
4((0, 1, 3, 4), 629905.0, 'max', 4.0, (1, 2, 3, 4), 703585.0, 'max', 4.0)

Modalist: [(2,), (4, 3), (4, 3, 2), (4, 2, 1, 3), (3, 1, 2, 4, 0), (2, 4, 1), (1,), (2, 3, 0, 1, 4), (0, 1, 4), (0, 3), (1, 2, 3, 0), (2, 1, 4, 3, 0), (4, 0, 1), (4, 0, 3, 2, 1), (3, 4), (2, 0, 4), (3,), (0, 3, 2, 1), (2, 1, 3), (4, 2, 3), (2, 4, 1, 3), (3, 2), (4, 1, 2, 0, 3), (2, 1, 0, 4), (2, 4, 1, 0), (1, 3, 0, 2), (4, 1, 0, 3, 2), (1, 4, 2, 0), (1, 4, 2), (4, 0, 3, 1, 2), (0, 2), (4,), (0, 3, 4, 2), (3, 4, 0), (0,), (4, 0), (1, 2, 4), (3, 0, 1), (2, 1), (4, 1, 0, 2)]
1((3,), 385.0, 'max', 1.0, (0,), 400.0, 'max', 1.0)
2((0, 3), 3895.0, 'max', 2.0, (1, 3), 3910.0, 'max', 2.0)
3((0, 3, 4), 41875.0, 'max', 3.0, (1, 3, 4), 42115.0, 'max', 3.0)
4((0, 1, 3, 4), 519025.0, 'max', 4.0, (0, 2, 3, 4), 580945.0, 'max', 4.0)

Modalist: [(0,), (3, 2), (1, 4, 0), (0, 1, 4, 3), (3, 0, 2, 1, 4), (0, 4), (1, 2, 3, 0, 4), (4, 2), (1,), (2, 1), (4, 2, 1, 0, 3), (4,), (0, 4, 1, 2), (4, 1, 3, 2, 0), (4, 3, 2, 0), (1, 0, 2, 4), (1, 4, 3), (3, 0, 4, 1), (0, 2), (4, 3), (0, 3, 4, 2, 1), (2, 1, 3), (1, 0, 4, 2), (4, 3, 1, 0), (1, 3, 2), (1, 0), (3,), (2, 0, 4, 3, 1), (1, 4, 0, 3, 2), (2, 3), (0, 1, 4, 2, 3), (2, 3, 4, 0, 1), (0, 1, 4, 2), (1, 2), (1, 4), (2, 3, 0, 4, 1), (1, 3, 4, 2), (2, 1, 0, 3), (2,), (3, 4)]
1((0,), 400.0, 'max', 1.0, (3,), 400.0, 'max', 1.0)
2((0, 3), 4135.0, 'max', 2.0, (0, 2), 4615.0, 'max', 2.0)
3((0, 2, 3), 52675.0, 'max', 3.0, (2, 3, 4), 53395.0, 'max', 3.0)
4((0, 2, 3, 4), 760705.0, 'max', 4.0, (0, 1, 2, 3), 768145.0, 'max', 4.0)

Modalist: [(0,), (2, 0), (4, 1, 2), (2, 4, 3, 0), (1, 3, 4, 2, 0), (4, 0), (3,), (1, 2, 4, 3, 0), (1, 0, 3, 4), (4, 3, 2, 0), (2, 4, 1), (4, 1, 2, 3), (2, 0, 1), (4, 0, 2, 3, 1), (0, 1, 4, 2), (2, 0, 4), (2, 1, 3), (4, 2, 3), (0, 2, 3, 1, 4), (3, 0, 1, 2), (0, 2, 1, 3, 4), (4, 3), (1, 2), (2, 1, 0, 4, 3), (0, 3, 1, 2, 4), (2, 3, 1, 4, 0), (1, 0, 4, 2, 3), (2, 0, 3), (4,), (3, 1, 0, 4, 2), (3, 0, 2), (2, 3, 0, 1, 4), (4, 2, 1, 0), (4, 3, 0, 1), (1, 3), (2, 1, 3, 0), (4, 3, 2), (3, 1), (0, 4), (2, 3, 4)]
1((1,), 415.0, 'max', 1.0, (0,), 445.0, 'max', 1.0)
2((0, 1), 4870.0, 'max', 2.0, (1, 4), 4885.0, 'max', 2.0)
3((1, 3, 4), 61330.0, 'max', 3.0, (0, 1, 3), 64465.0, 'max', 3.0)
4((1, 2, 3, 4), 845905.0, 'max', 4.0, (0, 1, 3, 4), 884560.0, 'max', 4.0)

Modalist: [(3,), (1, 2), (4, 2, 0), (1, 0, 2, 4), (0, 3, 1, 2, 4), (2, 1, 4, 0), (2,), (1, 0, 4), (3, 2, 1, 4, 0), (4,), (2, 3, 4), (2, 3), (0, 4, 1), (0, 1, 3, 4), (3, 1), (0, 4, 3, 2), (4, 0, 3, 1), (4, 3, 1), (1, 3, 0), (1, 4, 0), (3, 4, 0, 1), (1,), (0, 2, 3, 1), (4, 1), (0, 3, 1, 4), (3, 2, 4, 0, 1), (0,), (1, 3, 2, 4), (4, 2, 0, 3, 1), (3, 0, 4, 1), (4, 0, 3), (3, 1, 2, 4, 0), (4, 0, 2, 3), (2, 1, 0, 4), (2, 0, 3), (3, 2), (3, 0, 2), (4, 2), (4, 0, 3, 2, 1), (1, 3)]
1((2,), 370.0, 'max', 1.0, (0,), 430.0, 'max', 1.0)
2((1, 2), 3460.0, 'max', 2.0, (0, 2), 4135.0, 'max', 2.0)
3((1, 2, 3), 38050.0, 'max', 3.0, (0, 1, 2), 45250.0, 'max', 3.0)
4((1, 2, 3, 4), 515905.0, 'max', 4.0, (0, 1, 2, 3), 519265.0, 'max', 4.0)

Modalist: [(1,), (4, 1), (2, 1, 3), (4, 0, 2, 1), (0, 1, 3, 2, 4), (1, 4, 3), (4,), (0,), (2, 1, 0), (1, 4, 0, 3, 2), (0, 1), (1, 2), (2, 4, 3, 1, 0), (1, 2, 4, 0, 3), (1, 3, 2), (0, 1, 4), (2,), (2, 1, 4), (4, 0, 2), (3,), (0, 4, 2, 1, 3), (3, 1), (2, 4, 3, 0), (0, 2, 4, 1), (4, 0, 2, 1, 3), (4, 3, 0, 1), (1, 2, 0, 4), (3, 4, 1), (0, 1, 2, 3, 4), (0, 3, 1, 2), (3, 1, 2, 4), (2, 1, 3, 4), (1, 4, 2), (2, 1, 4, 0), (3, 0), (4, 1, 0), (4, 2, 3, 0, 1), (0, 4, 3), (2, 3, 1, 0, 4), (2, 3, 4, 1)]
1((3,), 385.0, 'max', 1.0, (0,), 400.0, 'max', 1.0)
2((0, 3), 3895.0, 'max', 2.0, (2, 3), 4375.0, 'max', 2.0)
3((0, 2, 3), 48835.0, 'max', 3.0, (0, 1, 3), 50050.0, 'max', 3.0)
4((0, 2, 3, 4), 703105.0, 'max', 4.0, (0, 1, 2, 3), 707665.0, 'max', 4.0)

Modalist: [(0,), (1, 2), (4, 0, 1), (3, 2, 0, 4), (3, 1, 0, 2, 4), (1, 0, 2, 3, 4), (3, 2), (3, 4, 0, 1, 2), (2,), (4, 0, 2, 1), (2, 0), (0, 4, 2, 1), (2, 1, 0), (3, 1, 2), (0, 3, 1), (3, 1), (1, 0, 3, 4, 2), (3, 4, 2, 1, 0), (4, 3, 2, 0), (3, 4), (1, 3, 0), (0, 3, 1, 4), (2, 4), (3, 0), (4, 3, 2, 0, 1), (2, 1, 3, 4, 0), (4, 2, 3, 0, 1), (1, 2, 3, 4), (0, 2), (0, 3, 1, 2, 4), (1, 2, 4, 0), (1, 2, 4), (0, 2, 3), (4, 2), (4,), (2, 1), (0, 2, 4, 3, 1), (0, 2, 1), (0, 3, 4, 1, 2), (3,)]
1((3,), 400.0, 'max', 1.0, (4,), 400.0, 'max', 1.0)
2((3, 4), 4360.0, 'max', 2.0, (1, 3), 4615.0, 'max', 2.0)
3((1, 3, 4), 56500.0, 'max', 3.0, (1, 2, 3), 57490.0, 'max', 3.0)
4((0, 1, 2, 3), 776545.0, 'max', 4.0, (1, 2, 3, 4), 822625.0, 'max', 4.0)

Modalist: [(3,), (4, 2), (1, 3, 2), (1, 4, 2, 3), (1, 2, 3, 0, 4), (0, 3, 2, 4), (1, 4, 0, 3), (3, 1, 0), (0, 2), (1, 0), (1, 2, 3, 0), (2, 1), (4,), (1, 0, 3, 2), (3, 4), (0, 1, 3, 2, 4), (0, 2, 4, 1), (0, 1, 3), (4, 1, 3, 2), (2,), (1, 4, 2), (1, 4), (2, 0, 3, 1, 4), (3, 4, 1), (2, 4, 3, 1, 0), (1,), (4, 3, 2, 0, 1), (4, 2, 0), (2, 0, 3, 4), (1, 0, 3, 4), (0,), (2, 0), (2, 0, 1, 4), (2, 1, 3, 4, 0), (1, 4, 2, 0, 3), (1, 3, 4, 0, 2), (0, 2, 3, 1), (0, 4, 2, 1, 3), (3, 2, 0, 4, 1), (1, 4, 0)]
1((3,), 415.0, 'max', 1.0, (4,), 430.0, 'max', 1.0)
2((3, 4), 4855.0, 'max', 2.0, (2, 3), 4870.0, 'max', 2.0)
3((0, 3, 4), 60835.0, 'max', 3.0, (2, 3, 4), 60835.0, 'max', 3.0)
4((0, 2, 3, 4), 830065.0, 'max', 4.0, (1, 2, 3, 4), 837745.0, 'max', 4.0)

Modalist: [(3,), (0, 1), (0, 2, 1), (1, 0, 3, 2), (1, 3, 0, 4, 2), (3, 1), (4, 0, 2), (2, 1, 3), (1, 4), (2, 1, 4, 0), (3, 4), (0, 2), (4, 1, 2, 3, 0), (3, 2, 0), (0, 3, 4, 2), (4, 1, 0), (3, 1, 2, 4), (4, 3, 1, 2, 0), (4, 0, 1, 2, 3), (2, 0), (3, 4, 2, 1, 0), (4,), (2, 4, 1, 3), (2,), (4, 1), (4, 0, 2, 3, 1), (2, 4), (3, 2, 1), (3, 2), (3, 4, 0, 1, 2), (1, 3, 2), (2, 3, 1, 4), (1, 0, 3, 2, 4), (0,), (4, 0, 3, 1, 2), (4, 2, 0, 1, 3), (1, 4, 2, 0, 3), (1, 4, 2), (1, 2, 3, 0), (0, 2, 4, 1)]
1((0,), 400.0, 'max', 1.0, (3,), 415.0, 'max', 1.0)
2((0, 3), 4150.0, 'max', 2.0, (0, 4), 4375.0, 'max', 2.0)
3((0, 3, 4), 52225.0, 'max', 3.0, (0, 1, 3), 56995.0, 'max', 3.0)
4((0, 1, 3, 4), 760945.0, 'max', 4.0, (0, 2, 3, 4), 826240.0, 'max', 4.0)

Modalist: [(1,), (0, 4), (2, 1, 0), (0, 1, 2, 3), (0, 2, 1, 3, 4), (0, 2, 1, 4), (0, 2), (3, 0, 4, 1, 2), (4, 2), (4,), (4, 0, 1, 2, 3), (1, 0, 2, 4), (3, 4), (4, 0), (0, 3), (0, 2, 4), (0, 1), (2, 4), (2, 3, 1), (4, 2, 3), (2, 1, 3, 4), (3,), (3, 0), (4, 2, 0, 1), (4, 1, 2, 0), (3, 1, 4, 2, 0), (4, 1, 2), (1, 0, 4, 3, 2), (3, 1, 4, 0), (1, 0, 2, 4, 3), (3, 2, 4, 0, 1), (2,), (3, 0, 1), (0, 3, 2), (3, 2, 1), (4, 1), (2, 4, 3), (1, 4, 3), (3, 2, 1, 4), (3, 1, 0)]
1((3,), 385.0, 'max', 1.0, (0,), 400.0, 'max', 1.0)
2((0, 3), 3895.0, 'max', 2.0, (3, 4), 3925.0, 'max', 2.0)
3((0, 3, 4), 37810.0, 'max', 3.0, (0, 2, 3), 41635.0, 'max', 3.0)
4((0, 2, 3, 4), 511825.0, 'max', 4.0, (0, 1, 3, 4), 569185.0, 'max', 4.0)

Modalist: [(0,), (4, 0), (1, 4, 3), (0, 1, 4, 3), (2, 1, 4, 0, 3), (0, 2, 3, 4, 1), (0, 1), (1, 3, 4, 0, 2), (3,), (1, 4), (2, 1, 4, 3, 0), (1, 3, 0), (4, 1, 0, 3), (2, 3, 4, 1), (1, 2, 3, 0, 4), (1, 2, 0, 3), (3, 2, 1, 0, 4), (3, 1), (2,), (3, 1, 4, 0), (2, 3), (3, 2, 0, 4, 1), (3, 2), (4, 2), (1, 2, 4, 0), (4, 1, 2, 0, 3), (2, 0, 4), (0, 3, 2, 1, 4), (1, 4, 3, 0, 2), (4, 1), (2, 3, 4, 0, 1), (3, 4, 2, 0), (2, 1, 4, 0), (1, 0, 3, 4), (3, 2, 1, 4, 0), (1, 0, 4, 2), (1, 2, 4, 3), (1, 3, 2), (4,), (4, 0, 1, 2)]
1((2,), 430.0, 'max', 1.0, (0,), 445.0, 'max', 1.0)
2((0, 2), 5110.0, 'max', 2.0, (2, 3), 5110.0, 'max', 2.0)
3((0, 2, 3), 61315.0, 'max', 3.0, (2, 3, 4), 65410.0, 'max', 3.0)
4((0, 2, 3, 4), 903040.0, 'max', 4.0, (0, 1, 2, 3), 906865.0, 'max', 4.0)

Modalist: [(2,), (2, 1), (1, 2, 0), (0, 2, 1, 3), (2, 1, 0, 4, 3), (4, 3, 0), (2, 4, 1, 0), (2, 3, 4, 0, 1), (2, 3), (0, 4), (3, 4, 2, 0), (0, 1, 4), (0, 3), (3, 2), (0, 2, 1, 4, 3), (4, 0, 2, 1), (4, 3), (2, 3, 0, 1), (4, 2, 0, 1, 3), (0, 3, 4, 2), (3, 0, 4, 2), (4, 0), (3, 1, 2, 4), (2, 4), (0, 3, 4), (3, 4, 2, 0, 1), (3, 4, 0, 1, 2), (0, 2), (2, 1, 4), (2, 0, 4, 1), (0, 1, 2, 4), (1, 0), (0, 1, 4, 3), (0,), (3, 2, 1, 4), (3, 1, 4, 2, 0), (4, 2, 3, 0), (0, 3, 2, 1, 4), (3, 0), (0, 2, 4, 3, 1)]
1((1,), 385.0, 'max', 1.0, (3,), 415.0, 'max', 1.0)
2((1, 3), 3910.0, 'max', 2.0, (1, 4), 4855.0, 'max', 2.0)
3((1, 3, 4), 53155.0, 'max', 3.0, (0, 1, 3), 53650.0, 'max', 3.0)
4((0, 1, 3, 4), 718945.0, 'max', 4.0, (1, 2, 3, 4), 772465.0, 'max', 4.0)

Modalist: [(2,), (2, 4), (2, 4, 1), (2, 4, 0, 1), (1, 2, 4, 0, 3), (0, 1, 2, 3, 4), (1,), (2, 0, 1, 4), (2, 3, 4), (4,), (0, 2, 1, 3, 4), (0, 3, 1, 2, 4), (1, 4), (2, 0, 4, 1, 3), (4, 0, 1, 3), (1, 0, 2), (2, 1, 0, 4, 3), (3, 1, 4), (1, 3, 0, 4), (3, 0), (3, 1, 0), (0, 1, 3, 2, 4), (2, 0, 4, 1), (3, 0, 1, 4), (1, 3, 0), (2, 1), (3, 4, 0, 2, 1), (1, 2), (0, 1, 4, 3), (0,), (0, 4, 1, 3), (1, 4, 3), (1, 2, 4), (3, 1, 2, 0, 4), (4, 2), (2, 0, 3), (4, 1), (1, 3, 2, 0), (0, 2, 4, 1, 3), (3,)]
1((2,), 400.0, 'max', 1.0, (3,), 400.0, 'max', 1.0)
2((2, 3), 3685.0, 'max', 2.0, (0, 2), 4375.0, 'max', 2.0)
3((2, 3, 4), 49330.0, 'max', 3.0, (1, 2, 3), 50050.0, 'max', 3.0)
4((0, 2, 3, 4), 703105.0, 'max', 4.0, (1, 2, 3, 4), 715345.0, 'max', 4.0)

Modalist: [(3,), (2, 3), (3, 2, 1), (2, 3, 4, 1), (0, 1, 3, 4, 2), (2, 4), (0, 3, 1, 4), (1, 2, 4, 0), (0,), (3, 2), (2, 0, 1), (3, 1, 4, 0), (4, 1, 3), (4, 3, 0), (4, 2, 0), (4, 1, 0), (0, 1, 2, 3, 4), (4, 3, 1, 2), (4, 3), (2,), (3, 0, 4, 1), (4, 1, 2, 3, 0), (0, 3), (3, 4, 1), (1, 3, 2, 4, 0), (3, 1, 2, 0, 4), (1,), (4, 3, 2, 1, 0), (2, 0), (3, 4, 0), (1, 3, 2), (2, 4, 3), (2, 1), (2, 4, 3, 1, 0), (3, 1, 4, 0, 2), (2, 1, 0), (2, 1, 0, 4), (2, 1, 3, 0), (2, 4, 1, 3, 0), (0, 4, 2, 3)]
1((0,), 415.0, 'max', 1.0, (1,), 430.0, 'max', 1.0)
2((0, 2), 4645.0, 'max', 2.0, (0, 3), 4660.0, 'max', 2.0)
3((0, 2, 3), 50065.0, 'max', 3.0, (0, 2, 4), 57010.0, 'max', 3.0)
4((0, 1, 2, 3), 707680.0, 'max', 4.0, (0, 2, 3, 4), 707905.0, 'max', 4.0)

Modalist: [(2,), (0, 2), (1, 3, 2), (2, 1, 3, 0), (4, 0, 3, 2, 1), (3,), (4, 3, 2), (1, 2), (3, 1, 4, 2, 0), (4, 3, 0, 2), (1, 2, 4, 3, 0), (0,), (3, 4, 2, 1, 0), (3, 4, 2), (4, 3, 0, 2, 1), (4, 2), (0, 3, 1), (4,), (4, 0), (0, 3, 2), (3, 2), (0, 3), (1,), (1, 3), (1, 2, 0), (2, 0), (2, 1, 4, 3), (3, 0, 1), (3, 1, 0), (4, 2, 0, 1, 3), (4, 2, 0), (1, 3, 2, 4), (2, 3, 4, 1, 0), (1, 4, 0), (0, 3, 1, 2), (2, 0, 3, 1, 4), (3, 2, 1, 0, 4), (0, 2, 1), (2, 3, 4), (4, 3)]
1((4,), 355.0, 'max', 1.0, (1,), 385.0, 'max', 1.0)
2((1, 4), 3400.0, 'max', 2.0, (0, 4), 3655.0, 'max', 2.0)
3((0, 1, 4), 44275.0, 'max', 3.0, (0, 3, 4), 45235.0, 'max', 3.0)
4((0, 1, 3, 4), 629905.0, 'max', 4.0, (0, 1, 2, 4), 630145.0, 'max', 4.0)

Modalist: [(1,), (0, 1), (4, 1, 3), (1, 3, 0, 2), (2, 3, 4, 0, 1), (2, 1, 3, 0), (3, 0, 4), (3,), (1, 2, 3, 0), (1, 4, 3), (4,), (0, 4), (0,), (3, 4, 1, 2, 0), (0, 3, 1), (1, 2), (2,), (4, 3, 2, 0, 1), (1, 2, 0, 3, 4), (3, 0), (2, 1, 4, 0, 3), (4, 2, 0, 3, 1), (0, 4, 1), (4, 0, 3, 2, 1), (1, 4, 3, 0, 2), (0, 1, 3, 2), (3, 0, 1, 4, 2), (3, 1, 0, 4, 2), (0, 2), (0, 1, 3, 2, 4), (0, 4, 3), (1, 4, 3, 0), (4, 1), (1, 3, 0, 4), (0, 3, 1, 4), (4, 0, 2, 3, 1), (0, 4, 2), (2, 3, 0), (1, 3), (2, 0, 4, 1)]
1((2,), 370.0, 'max', 1.0, (4,), 415.0, 'max', 1.0)
2((2, 4), 3895.0, 'max', 2.0, (2, 3), 4615.0, 'max', 2.0)
3((2, 3, 4), 52915.0, 'max', 3.0, (1, 2, 4), 56755.0, 'max', 3.0)
4((1, 2, 3, 4), 829825.0, 'max', 4.0, (0, 2, 3, 4), 837505.0, 'max', 4.0)

Modalist: [(2,), (4, 2), (2, 0, 1), (1, 3, 0, 4), (0, 2, 4, 1, 3), (0, 3), (1, 3), (2, 4), (3,), (3, 2), (1, 2, 0, 3, 4), (4, 1), (1, 4, 0, 3), (3, 2, 1, 4), (4, 3, 2), (3, 1, 4, 2), (0,), (1, 4), (1,), (2, 3, 1, 4), (4, 2, 0), (4,), (3, 0), (0, 4, 1, 2), (2, 1), (4, 0, 3, 1, 2), (1, 0, 2), (0, 1, 4, 3, 2), (4, 0, 3), (0, 3, 1, 2, 4), (1, 0, 3, 4, 2), (1, 2), (1, 0, 4, 2), (3, 0, 2, 4), (4, 0), (1, 4, 3, 0), (2, 0, 1, 4, 3), (2, 1, 0, 4), (2, 1, 3), (3, 0, 2)]
1((0,), 385.0, 'max', 1.0, (3,), 385.0, 'max', 1.0)
2((0, 3), 4105.0, 'max', 2.0, (0, 1), 4135.0, 'max', 2.0)
3((0, 2, 3), 41620.0, 'max', 3.0, (0, 1, 3), 44980.0, 'max', 3.0)
4((0, 1, 2, 3), 518545.0, 'max', 4.0, (0, 2, 3, 4), 579985.0, 'max', 4.0)

Modalist: [(1,), (2, 0), (4, 3, 2), (3, 4, 1, 2), (0, 1, 2, 3, 4), (2,), (2, 4, 0, 3), (1, 3, 4), (4,), (0, 4, 2, 3, 1), (4, 3, 0, 1, 2), (4, 0, 3, 1), (3, 1, 0, 2), (4, 2), (3, 0), (3, 1, 0), (1, 0, 2), (2, 4), (3, 4, 2), (0, 3, 2), (3, 1, 4, 0, 2), (1, 0, 3, 4, 2), (4, 2, 1, 3), (0, 2, 1), (2, 3), (4, 1, 0), (0, 4, 3), (0, 4), (2, 1, 3, 0, 4), (4, 2, 0, 1, 3), (3,), (0,), (1, 3, 4, 2), (3, 4, 0, 2, 1), (1, 2, 0), (4, 3, 2, 1, 0), (1, 3, 2, 0), (1, 4), (0, 3), (1, 4, 2)]
1((1,), 400.0, 'max', 1.0, (0,), 415.0, 'max', 1.0)
2((0, 4), 3940.0, 'max', 2.0, (0, 1), 4600.0, 'max', 2.0)
3((0, 2, 4), 45970.0, 'max', 3.0, (0, 1, 4), 49075.0, 'max', 3.0)
4((0, 1, 2, 4), 641905.0, 'max', 4.0, (0, 1, 3, 4), 699265.0, 'max', 4.0)

Modalist: [(4,), (3, 4), (0, 1, 2), (1, 0, 3, 4), (0, 2, 1, 3, 4), (1,), (2, 4), (4, 3, 1), (0, 1), (0, 2, 3), (0, 4), (1, 3, 0), (0,), (1, 4), (3, 0), (2, 3, 4, 1), (3, 0, 1, 4), (4, 1, 2, 3), (0, 3, 4, 2), (3,), (2, 0, 4, 1), (0, 4, 1, 3, 2), (4, 3, 0, 1, 2), (2, 3, 0, 1, 4), (1, 4, 2, 3, 0), (0, 1, 3, 2), (2, 3), (3, 4, 2, 0), (1, 3), (4, 2), (1, 2, 4, 0, 3), (3, 4, 0, 2), (1, 0), (4, 1, 0, 2), (3, 4, 1, 2), (2,), (4, 3, 1, 2, 0), (3, 4, 1, 2, 0), (4, 1, 2), (4, 3)]
1((0,), 400.0, 'max', 1.0, (2,), 400.0, 'max', 1.0)
2((0, 2), 4360.0, 'max', 2.0, (1, 2), 4375.0, 'max', 2.0)
3((0, 1, 2), 52660.0, 'max', 3.0, (1, 2, 3), 52915.0, 'max', 3.0)
4((0, 1, 2, 3), 645025.0, 'max', 4.0, (0, 1, 2, 4), 702865.0, 'max', 4.0)

Modalist: [(2,), (2, 4), (0, 2, 1), (1, 3, 0, 4), (2, 4, 3, 1, 0), (1, 3, 4, 2), (1, 4, 0, 3), (0, 2, 4, 3), (1, 0), (1, 2, 3, 4), (0, 1, 3, 2, 4), (4, 0, 2), (0, 2, 4), (1,), (4, 2, 3), (0, 4, 1, 3), (4, 1), (1, 3, 2, 4, 0), (4, 0), (2, 3, 4), (0, 4, 2, 3), (0, 3, 4, 1), (4, 3, 0, 2, 1), (3, 2, 0, 4), (4, 3, 2, 1, 0), (1, 2, 4), (4, 0, 2, 1), (4, 1, 0, 3, 2), (1, 3), (3, 0), (1, 3, 4), (0, 1), (4, 3, 2, 0, 1), (4, 0, 1, 2), (1, 4, 2, 3), (4, 0, 1, 2, 3), (0, 2, 3, 4), (3, 4, 0, 1, 2), (4,), (2, 0, 4, 1)]
1((3,), 415.0, 'max', 1.0, (0,), 445.0, 'max', 1.0)
2((1, 2), 4675.0, 'max', 2.0, (0, 3), 4870.0, 'max', 2.0)
3((1, 2, 3), 53650.0, 'max', 3.0, (0, 1, 3), 57475.0, 'max', 3.0)
4((0, 1, 2, 3), 653905.0, 'max', 4.0, (1, 2, 3, 4), 849520.0, 'max', 4.0)

Modalist: [(1,), (1, 2), (3, 1, 4), (0, 2, 3, 1), (1, 2, 0, 4, 3), (2, 0, 4), (3, 2), (2, 1, 4, 0), (4, 1, 0, 3, 2), (3, 0), (2, 1), (3, 0, 1, 4), (4, 0, 1, 2, 3), (2, 4, 3, 0), (2, 0), (1, 3, 2), (4, 3, 0), (2, 4, 0), (4, 1, 2), (1, 2, 4, 3, 0), (0, 1, 2, 4), (0,), (4, 0, 2, 1, 3), (0, 3, 1, 4), (0, 2, 1, 3), (4, 3, 2, 1, 0), (4, 3, 2, 0), (3, 0, 1, 4, 2), (3, 1, 2), (2, 1, 0, 4, 3), (1, 0, 2, 3, 4), (3, 4), (3,), (0, 1, 4), (2, 1, 4), (3, 2, 0), (2, 0, 1, 3, 4), (2, 0, 1, 4, 3), (3, 2, 0, 1), (4,)]
1((4,), 430.0, 'max', 1.0, (1,), 445.0, 'max', 1.0)
2((3, 4), 4885.0, 'max', 2.0, (1, 4), 5110.0, 'max', 2.0)
3((2, 3, 4), 57970.0, 'max', 3.0, (1, 3, 4), 61090.0, 'max', 3.0)
4((1, 2, 3, 4), 780625.0, 'max', 4.0, (0, 1, 3, 4), 895360.0, 'max', 4.0)

Modalist: [(0,), (4, 2), (1, 2, 0), (0, 3, 4, 2), (4, 2, 0, 3, 1), (1,), (3, 4, 2), (2, 4, 3, 0), (4, 1, 2, 3), (3, 4), (3,), (0, 1, 3), (2, 1, 4, 3, 0), (2,), (1, 4, 0), (4, 3, 0, 2, 1), (0, 1), (2, 1, 0), (3, 1, 4, 2, 0), (2, 3, 1, 4), (4, 3), (3, 2), (2, 3), (2, 1, 0, 3, 4), (4,), (1, 4, 0, 2, 3), (4, 0, 2, 3, 1), (4, 0, 2, 1, 3), (1, 0), (4, 0, 3), (0, 4, 3), (1, 3, 0), (0, 3, 4), (0, 1, 4), (3, 0, 1, 2, 4), (1, 4, 2, 0), (0, 4, 3, 2), (3, 2, 1), (0, 4), (0, 4, 2, 1, 3)]
1((1,), 385.0, 'max', 1.0, (2,), 400.0, 'max', 1.0)
2((1, 3), 4165.0, 'max', 2.0, (1, 4), 4165.0, 'max', 2.0)
3((1, 3, 4), 53170.0, 'max', 3.0, (0, 1, 3), 53395.0, 'max', 3.0)
4((0, 1, 2, 3), 703105.0, 'max', 4.0, (0, 1, 3, 4), 711025.0, 'max', 4.0)

            Modalist: [(3,), (2, 3), (2, 4, 1), (4, 1, 0, 3), (1, 4, 3, 2, 0), (4, 0, 3), (0,), (2, 3, 4), (4, 2, 1, 0), (2,), (4, 1), (0, 3, 4, 2), (4, 3, 0, 2), (2, 3, 4, 1, 0), (3, 0, 4, 1, 2), (0, 2, 1, 3, 4), (1, 0, 2, 4), (0, 3), (0, 3, 1, 4, 2), (3, 2, 0), (4,), (4, 3), (1, 0, 3, 2, 4), (3, 4, 2), (1,), (1, 2, 3, 4, 0), (3, 4), (3, 2), (3, 4, 2, 1, 0), (4, 3, 1), (1, 3, 0, 4, 2), (1, 2, 0, 3, 4), (2, 4, 0, 1), (1, 4), (4, 3, 2), (2, 0, 1, 3, 4), (2, 3, 0, 4), (3, 1, 2), (4, 0), (0, 3, 2)]
            1((1,), 355.0, 'max', 1.0, (0,), 400.0, 'max', 1.0)
            2((1, 3), 3940.0, 'max', 2.0, (0, 1), 4090.0, 'max', 2.0)
            3((0, 1, 3), 52450.0, 'max', 3.0, (1, 2, 3), 53395.0, 'max', 3.0)
            4((0, 1, 2, 3), 764305.0, 'max', 4.0, (1, 2, 3, 4), 776545.0, 'max', 4.0)

Modalist: [(3,), (0, 4), (4, 2, 3), (4, 0, 1, 3), (1, 2, 4, 0, 3), (3, 4, 2), (2, 4, 1, 0), (4, 3, 2), (4, 2, 1, 0), (0, 4, 3, 2), (2, 0, 4, 1, 3), (3, 2, 1, 0), (3, 0, 4), (2, 3, 0), (0, 2, 1), (0,), (4, 1, 3, 0, 2), (2, 4, 1, 0, 3), (2, 4, 0, 1), (4,), (1,), (4, 2, 0), (4, 2, 3, 1, 0), (3, 2), (0, 3, 1), (3, 1, 0, 4), (2, 3, 1, 4), (3, 1, 0), (3, 4, 1, 2, 0), (4, 1, 3), (4, 3), (3, 4), (0, 4, 2), (1, 3, 0), (2, 1), (1, 3, 2, 4), (4, 3, 1, 0), (0, 2, 3, 1), (2, 4, 3, 0), (3, 4, 1, 2)]
1((1,), 400.0, 'max', 1.0, (2,), 415.0, 'max', 1.0)
2((1, 2), 4375.0, 'max', 2.0, (1, 4), 4420.0, 'max', 2.0)
3((1, 2, 3), 50035.0, 'max', 3.0, (0, 2, 3), 50290.0, 'max', 3.0)
4((0, 1, 2, 3), 592225.0, 'max', 4.0, (0, 2, 3, 4), 600385.0, 'max', 4.0)

Modalist: [(1,), (2, 4), (1, 4, 3), (3, 0, 1, 4), (3, 2, 1, 4, 0), (3,), (0, 2), (0, 3, 2), (0,), (4, 2, 0, 3), (3, 4, 1, 0), (4, 1, 0), (2, 4, 3, 1, 0), (2, 3), (1, 4), (3, 1, 4, 2, 0), (0, 1, 4, 2), (2, 1, 0), (2, 1, 4, 0, 3), (0, 2, 3, 4, 1), (2, 3, 0), (0, 1, 4), (2,), (4, 1, 3), (3, 0, 2, 4, 1), (1, 0, 3, 4, 2), (1, 0), (2, 1, 0, 4, 3), (4, 0, 1, 2, 3), (2, 3, 1), (0, 3, 1), (1, 3, 4, 0, 2), (1, 2), (4, 1, 3, 2, 0), (3, 1, 2, 4, 0), (3, 2, 4, 0, 1), (1, 3, 0), (3, 0, 2, 1, 4), (3, 4, 1, 2, 0), (1, 3, 0, 2, 4)]
1((4,), 430.0, 'max', 1.0, (2,), 445.0, 'max', 1.0)
2((2, 4), 5110.0, 'max', 2.0, (1, 2), 5410.0, 'max', 2.0)
3((2, 3, 4), 72355.0, 'max', 3.0, (1, 2, 4), 72850.0, 'max', 3.0)
4((1, 2, 3, 4), 1080145.0, 'max', 4.0, (0, 1, 2, 3), 1091680.0, 'max', 4.0)

Modalist: [(4,), (2, 3), (1, 4, 3), (1, 3, 0, 2), (3, 2, 0, 1, 4), (4, 0, 3, 2), (4, 3, 0), (4, 3, 1), (1, 2, 3, 4, 0), (3, 1, 2, 0, 4), (4, 0), (0, 1, 4, 3), (3, 2, 0), (3, 4, 1, 2), (3, 0, 4), (2, 3, 1, 0, 4), (4, 3), (2, 3, 1), (0, 1, 2, 3), (4, 0, 2, 3, 1), (3,), (2, 4, 3, 0), (2, 0, 1), (4, 1, 0), (2, 4), (1, 3, 0, 2, 4), (0, 3, 1, 2), (3, 1, 0), (1, 4, 0, 2, 3), (3, 4, 1, 0, 2), (1,), (1, 0), (0,), (2, 3, 0, 4, 1), (4, 2, 0, 3, 1), (3, 0), (2, 3, 1, 4, 0), (3, 2, 4), (3, 4), (3, 1, 0, 4)]
1((2,), 385.0, 'max', 1.0, (1,), 415.0, 'max', 1.0)
2((2, 4), 4390.0, 'max', 2.0, (1, 2), 4585.0, 'max', 2.0)
3((1, 2, 4), 52915.0, 'max', 3.0, (0, 2, 4), 57010.0, 'max', 3.0)
4((0, 1, 2, 4), 764785.0, 'max', 4.0, (1, 2, 3, 4), 834145.0, 'max', 4.0)

Modalist: [(1,), (3, 4), (1, 2, 0), (4, 0, 2, 3), (3, 4, 1, 0, 2), (1, 4, 0), (4, 1, 3), (4,), (1, 3, 0, 4, 2), (4, 0, 1, 2), (3, 0, 1, 4, 2), (3,), (3, 2, 0), (0, 1, 3, 4, 2), (0,), (2,), (0, 4, 2), (0, 2, 1, 3, 4), (2, 3, 1), (2, 3, 0, 1), (4, 3, 1, 2), (0, 3, 4), (1, 0), (3, 1), (0, 4, 2, 1, 3), (1, 2, 4), (0, 1, 3, 2, 4), (0, 1, 2, 4), (0, 1, 3), (3, 2, 4), (2, 4, 1, 3, 0), (4, 2), (3, 0), (1, 0, 2, 4), (3, 0, 4, 2), (0, 4, 1, 2), (2, 3), (2, 0), (2, 4, 3, 0), (4, 1, 2)]
1((1,), 400.0, 'max', 1.0, (3,), 400.0, 'max', 1.0)
2((1, 3), 3910.0, 'max', 2.0, (0, 3), 4390.0, 'max', 2.0)
3((0, 1, 3), 45475.0, 'max', 3.0, (1, 3, 4), 45475.0, 'max', 3.0)
4((0, 1, 3, 4), 580465.0, 'max', 4.0, (0, 1, 2, 3), 642145.0, 'max', 4.0)

Modalist: [(3,), (0, 4), (1, 0, 4), (0, 1, 4, 3), (3, 1, 4, 2, 0), (3, 4), (2,), (3, 4, 1), (2, 4, 1, 3), (3, 2, 0, 1, 4), (0, 3, 1, 2, 4), (1, 0, 2, 4, 3), (2, 1, 4), (3, 0, 4), (2, 0), (0, 3), (2, 3), (1, 0, 2), (2, 0, 3, 4, 1), (4, 2, 3), (3, 2), (0, 1, 4), (3, 4, 0, 2, 1), (4, 3), (2, 4, 3), (4, 2), (0, 1), (1, 3, 2, 0, 4), (2, 1, 4, 3), (1,), (4, 1), (2, 3, 4, 1), (3, 1, 0, 4, 2), (2, 3, 4, 1, 0), (1, 2), (3, 0), (0, 1, 3, 4, 2), (0, 1, 2), (4, 0, 2), (0, 4, 2, 3, 1)]
1((0,), 385.0, 'max', 1.0, (1,), 415.0, 'max', 1.0)
2((0, 2), 4150.0, 'max', 2.0, (0, 3), 4150.0, 'max', 2.0)
3((0, 2, 3), 49090.0, 'max', 3.0, (0, 1, 3), 52450.0, 'max', 3.0)
4((0, 1, 2, 3), 749440.0, 'max', 4.0, (0, 2, 3, 4), 757585.0, 'max', 4.0)

Modalist: [(2,), (3, 0), (4, 1, 2), (3, 2, 0, 1), (3, 4, 2, 0, 1), (0, 2, 4, 1), (1, 3, 0, 2, 4), (3, 0, 2), (0,), (3,), (0, 2, 4), (1, 2), (0, 4, 1, 2), (2, 4, 3, 0, 1), (1, 3), (2, 4, 1), (4,), (3, 2, 0, 4), (1, 3, 0, 4), (2, 3, 4, 0, 1), (1, 0, 3, 4, 2), (0, 4, 1), (0, 3, 4), (2, 3, 1), (0, 3, 2), (1, 2, 4), (1, 3, 2, 0, 4), (4, 2), (4, 2, 3, 1), (0, 1, 2, 4), (4, 0), (4, 3), (2, 0, 3, 1, 4), (3, 4, 1, 2, 0), (3, 2, 1, 4), (2, 0, 4, 1), (4, 3, 1, 0, 2), (2, 0), (1, 4, 2, 3), (1, 3, 2)]
1((3,), 400.0, 'max', 1.0, (0,), 415.0, 'max', 1.0)
2((0, 3), 4375.0, 'max', 2.0, (0, 1), 4405.0, 'max', 2.0)
3((0, 1, 3), 49315.0, 'max', 3.0, (0, 3, 4), 53170.0, 'max', 3.0)
4((0, 1, 3, 4), 703585.0, 'max', 4.0, (0, 1, 2, 3), 711265.0, 'max', 4.0)

Modalist: [(4,), (2, 1), (4, 0, 3), (2, 1, 3, 4), (2, 1, 4, 3, 0), (2, 1, 0, 3, 4), (1,), (2,), (0, 2), (2, 4, 3, 0), (3, 2, 0, 1, 4), (3, 2, 0, 1), (2, 1, 4, 0, 3), (3, 4, 2), (1, 4, 2), (3, 1), (0, 1), (4, 0), (4, 2, 1, 3, 0), (0, 1, 4), (2, 4, 1), (1, 2, 3, 0, 4), (2, 1, 0), (2, 0), (3, 0, 1), (1, 3, 2, 0, 4), (4, 2, 0, 3, 1), (2, 0, 4, 3, 1), (2, 3, 1, 4), (0, 4, 2, 1, 3), (4, 1, 0, 3), (3, 2), (4, 0, 1, 2, 3), (0, 3, 2, 1), (2, 3, 0, 1, 4), (1, 2, 0), (1, 0, 4), (1, 2, 4, 3, 0), (1, 4, 3, 2, 0), (4, 2)]
1((3,), 415.0, 'max', 1.0, (4,), 445.0, 'max', 1.0)
2((3, 4), 5320.0, 'max', 2.0, (0, 3), 5335.0, 'max', 2.0)
3((0, 2, 4), 65890.0, 'max', 3.0, (0, 3, 4), 72115.0, 'max', 3.0)
4((0, 1, 2, 4), 969040.0, 'max', 4.0, (0, 2, 3, 4), 1014865.0, 'max', 4.0)

Modalist: [(1,), (4, 1), (1, 2, 3), (0, 3, 4, 2), (4, 1, 0, 2, 3), (3, 4, 1, 0, 2), (3, 4, 0, 1), (4,), (1, 4), (1, 3, 4), (4, 1, 2), (0, 1), (0, 3), (4, 0), (2, 0, 4), (1, 2, 4), (3, 1, 4, 0, 2), (3, 2, 4, 0, 1), (4, 1, 3, 2), (3,), (2, 0, 4, 3, 1), (3, 1), (0, 1, 3), (0, 4, 1, 2, 3), (0, 2, 3), (4, 2, 3, 0, 1), (0,), (1, 2), (4, 3, 2, 1, 0), (1, 3, 0), (3, 4), (1, 4, 0), (3, 1, 2), (2, 1, 3, 4), (3, 2, 4), (1, 4, 2), (1, 2, 4, 0), (0, 2), (2, 3), (3, 2, 0, 4, 1)]
1((0,), 370.0, 'max', 1.0, (2,), 400.0, 'max', 1.0)
2((0, 2), 3880.0, 'max', 2.0, (0, 3), 4120.0, 'max', 2.0)
3((0, 1, 2), 45475.0, 'max', 3.0, (0, 2, 3), 48580.0, 'max', 3.0)
4((0, 1, 2, 3), 634225.0, 'max', 4.0, (0, 2, 3, 4), 687745.0, 'max', 4.0)

Modalist: [(0,), (4, 1), (0, 2, 3), (2, 3, 0, 4), (3, 0, 1, 4, 2), (3, 2, 0), (2, 0, 1, 4), (4, 0), (3, 4, 1), (1, 4, 3), (2, 4, 1, 3), (2, 4, 3, 0, 1), (3,), (0, 4, 3), (1, 4, 0, 2, 3), (3, 0, 4), (4, 1, 3, 2, 0), (0, 4), (3, 4, 0), (4, 0, 2), (2, 3, 1, 0, 4), (0, 2), (2, 3), (2, 3, 4, 1), (0, 1), (2, 0), (2, 1, 3, 4), (1, 4), (3, 4, 0, 1, 2), (2,), (4, 3, 0, 1), (1, 0), (1, 2, 3), (1,), (3, 4, 1, 2, 0), (3, 2), (2, 4), (4,), (1, 2, 0, 4, 3), (0, 4, 1)]
1((1,), 370.0, 'max', 1.0, (2,), 385.0, 'max', 1.0)
2((1, 2), 3640.0, 'max', 2.0, (0, 1), 3670.0, 'max', 2.0)
3((0, 1, 2), 40690.0, 'max', 3.0, (0, 1, 3), 41155.0, 'max', 3.0)
4((0, 1, 2, 3), 564625.0, 'max', 4.0, (0, 1, 2, 4), 622945.0, 'max', 4.0)

Modalist: [(3,), (4, 2), (3, 0, 1), (3, 2, 1, 4), (3, 2, 4, 1, 0), (0, 2), (4, 3, 1, 2, 0), (2, 0, 3), (1, 0, 4), (3, 0), (2, 0, 3, 4), (0, 1), (2, 3), (0, 1, 2, 4), (1, 0), (1, 3, 0, 2, 4), (0,), (3, 1), (4,), (4, 1, 2, 0, 3), (3, 4, 1, 0), (2, 0, 3, 1, 4), (1, 4, 3, 0), (4, 1, 0), (4, 1, 0, 3), (0, 4), (4, 2, 3, 0), (2,), (1, 4, 3, 2, 0), (4, 1), (1,), (4, 2, 0, 1, 3), (2, 3, 1, 0), (2, 3, 4, 0, 1), (1, 3, 4, 0, 2), (0, 1, 3), (2, 0, 4, 3), (2, 4, 1, 3, 0), (4, 3, 1), (2, 3, 1, 0, 4)]
1((2,), 370.0, 'max', 1.0, (4,), 430.0, 'max', 1.0)
2((1, 2), 3925.0, 'max', 2.0, (2, 4), 4585.0, 'max', 2.0)
3((1, 2, 4), 56515.0, 'max', 3.0, (1, 2, 3), 56755.0, 'max', 3.0)
4((1, 2, 3, 4), 825745.0, 'max', 4.0, (0, 1, 2, 4), 830065.0, 'max', 4.0)

Modalist: [(1,), (1, 4), (2, 1, 3), (1, 4, 2, 3), (2, 4, 3, 1, 0), (0, 3, 2, 1, 4), (2, 0, 3), (4, 1, 3, 0, 2), (2, 4, 0, 1, 3), (0, 2, 4), (4, 1, 2), (3, 2), (2, 0, 4, 3, 1), (3, 2, 0), (1, 0, 3, 2, 4), (0, 3), (4, 3), (3, 1, 0, 4, 2), (2, 3), (4,), (0, 1), (0, 2), (4, 0), (3, 1, 4, 2), (2,), (0, 3, 2), (4, 2, 1, 0), (1, 2, 4, 3, 0), (1, 0), (3, 1, 0), (0, 1, 2), (4, 3, 1, 0, 2), (0,), (1, 0, 3, 4, 2), (0, 1, 2, 4), (0, 2, 3, 1), (0, 2, 4, 1, 3), (3, 2, 1), (1, 3, 4, 0), (3, 0, 2, 4)]
1((4,), 385.0, 'max', 1.0, (1,), 430.0, 'max', 1.0)
2((3, 4), 4375.0, 'max', 2.0, (0, 4), 4630.0, 'max', 2.0)
3((0, 3, 4), 56770.0, 'max', 3.0, (1, 3, 4), 60115.0, 'max', 3.0)
4((0, 1, 3, 4), 818785.0, 'max', 4.0, (0, 2, 3, 4), 830305.0, 'max', 4.0)
