
Modalist: [(0, 3, 4), (0, 4, 2, 1), (3, 0, 4, 2, 1), (1, 4, 3), (2, 3, 0), (1, 3, 2, 0, 4), (3, 2, 4, 1), (3, 4, 0, 1), (1, 4, 2, 3, 0), (0, 3, 2, 4), (4, 3, 2, 0), (3, 1, 2, 0, 4), (1, 4, 3, 2, 0), (4, 3, 1, 0, 2), (2, 1, 3), (0, 4, 3, 1, 2), (3, 1, 0, 2), (0, 2, 4), (4, 2, 1), (3, 2, 4, 0, 1), (4, 2, 3, 0, 1), (1, 4, 0), (0, 4, 1), (3, 2, 1, 0), (1, 2, 3, 4, 0), (1, 0, 4, 3), (3, 0, 1, 2), (2, 3, 1, 0, 4), (4, 0, 1, 3, 2), (4, 3, 2, 1, 0)]
1((2,), 390.0, 'max', 1.0, (1,), 405.0, 'max', 1.0)
2((2, 4), 5040.0, 'max', 2.0, (1, 2), 5265.0, 'max', 2.0)
3((1, 2, 4), 68640.0, 'max', 3.0, (2, 3, 4), 68640.0, 'max', 3.0)
4((1, 2, 3, 4), 963840.0, 'max', 4.0, (0, 1, 2, 4), 967680.0, 'max', 4.0)

Modalist: [(4, 0, 1), (3, 0, 1, 4), (2, 0, 3, 4, 1), (1, 4, 3), (0, 4, 2, 1, 3), (3, 4, 2, 0, 1), (1, 3, 4), (0, 4, 3), (0, 1, 4), (1, 0, 2, 3, 4), (2, 0, 1, 3), (3, 4, 1), (4, 2, 1, 3), (1, 2, 3, 0, 4), (1, 4, 0, 2), (3, 0, 1, 4, 2), (3, 1, 4, 0), (0, 1, 2), (4, 2, 3), (2, 3, 0, 1), (3, 1, 0, 4), (4, 1, 3, 2), (1, 2, 3), (4, 3, 1, 2), (4, 2, 1, 0, 3), (1, 3, 2, 0, 4), (3, 0, 2, 1), (4, 2, 0, 1), (0, 1, 3, 2, 4), (4, 0, 3, 2, 1)]
1((2,), 345.0, 'max', 1.0, (0,), 360.0, 'max', 1.0)
2((0, 2), 4275.0, 'max', 2.0, (2, 4), 4320.0, 'max', 2.0)
3((0, 2, 4), 52800.0, 'max', 3.0, (0, 2, 3), 56400.0, 'max', 3.0)
4((0, 2, 3, 4), 710400.0, 'max', 4.0, (0, 1, 2, 4), 837120.0, 'max', 4.0)

Modalist: [(0, 4, 3), (2, 0, 3, 1), (4, 2, 0, 1, 3), (2, 3, 4), (1, 0, 3), (4, 3, 2), (3, 4, 2, 1), (2, 4, 0, 1), (1, 4, 3), (4, 1, 0), (4, 3, 1, 0), (4, 3, 1), (0, 2, 3, 4, 1), (3, 0, 2, 4, 1), (0, 2, 3), (4, 0, 2), (2, 1, 4, 0, 3), (0, 1, 2, 3, 4), (0, 1, 3), (4, 1, 2, 3), (1, 0, 2, 4), (2, 1, 3, 0, 4), (0, 3, 1), (0, 1, 2, 3), (0, 4, 1, 3, 2), (4, 3, 1, 2, 0), (4, 0, 3), (2, 1, 0, 3), (1, 0, 4, 3, 2), (4, 3, 0, 1, 2)]
1((2,), 345.0, 'max', 1.0, (4,), 375.0, 'max', 1.0)
2((2, 4), 4515.0, 'max', 2.0, (0, 2), 4530.0, 'max', 2.0)
3((0, 2, 4), 56400.0, 'max', 3.0, (0, 3, 4), 57600.0, 'max', 3.0)
4((0, 2, 3, 4), 714240.0, 'max', 4.0, (0, 1, 3, 4), 783360.0, 'max', 4.0)

Modalist: [(0, 1, 2), (3, 2, 4, 1), (2, 4, 0, 1, 3), (2, 4, 1, 3), (1, 0, 3, 4), (4, 2, 1), (3, 1, 0, 2), (2, 0, 1, 4, 3), (2, 1, 0, 4), (1, 3, 4, 0), (0, 4, 1), (0, 1, 4, 2, 3), (0, 2, 3), (4, 2, 1, 3), (1, 2, 4), (1, 2, 3), (4, 2, 3, 1), (1, 2, 4, 3), (1, 4, 2), (1, 0, 3), (3, 4, 2, 1, 0), (3, 0, 1, 4, 2), (3, 0, 4, 2, 1), (4, 1, 2), (2, 1, 4, 0, 3), (1, 2, 4, 0, 3), (3, 1, 0, 2, 4), (4, 3, 2, 0), (3, 1, 2, 0, 4), (2, 3, 4, 0, 1)]
1((0,), 330.0, 'max', 1.0, (3,), 375.0, 'max', 1.0)
2((0, 4), 4305.0, 'max', 2.0, (0, 2), 4320.0, 'max', 2.0)
3((0, 2, 4), 57120.0, 'max', 3.0, (0, 3, 4), 60000.0, 'max', 3.0)
4((0, 2, 3, 4), 829440.0, 'max', 4.0, (0, 1, 2, 3), 840960.0, 'max', 4.0)

Modalist: [(0, 1, 4), (1, 4, 2, 0), (0, 4, 1, 3, 2), (1, 0, 3), (4, 2, 1, 0, 3), (3, 1, 2, 4, 0), (3, 2, 1, 4, 0), (3, 2, 1), (0, 2, 3), (4, 3, 2, 1, 0), (3, 4, 1, 0), (0, 1, 4, 3, 2), (1, 0, 4, 2), (0, 2, 3, 4, 1), (1, 0, 3, 2), (1, 4, 3, 2), (4, 1, 2, 0), (3, 2, 4, 0), (1, 4, 0, 2, 3), (4, 2, 1, 0), (3, 0, 2, 1), (3, 2, 0, 1), (1, 2, 0, 4), (4, 1, 0), (4, 0, 3, 1), (4, 2, 3, 0, 1), (4, 3, 0, 1, 2), (1, 0, 4), (4, 0, 2), (0, 2, 4, 1, 3)]
1((3,), 345.0, 'max', 1.0, (2,), 390.0, 'max', 1.0)
2((3, 4), 4080.0, 'max', 2.0, (2, 3), 4755.0, 'max', 2.0)
3((2, 3, 4), 56640.0, 'max', 3.0, (1, 3, 4), 60960.0, 'max', 3.0)
4((1, 2, 3, 4), 837120.0, 'max', 4.0, (0, 2, 3, 4), 840960.0, 'max', 4.0)

Modalist: [(1, 0, 3), (0, 1, 3, 2), (1, 3, 0, 2, 4), (3, 4, 0, 2), (4, 3, 2), (2, 1, 3), (4, 1, 0, 3, 2), (3, 1, 4, 0), (1, 4, 3, 2), (1, 3, 0), (2, 0, 1, 4), (2, 1, 3, 0), (4, 2, 1, 3, 0), (2, 1, 4, 0), (4, 2, 3), (1, 3, 2), (0, 4, 3, 1), (3, 2, 4, 0), (4, 1, 3, 0, 2), (1, 2, 0, 3, 4), (4, 3, 0), (4, 2, 1, 3), (4, 0, 1), (4, 0, 2, 1), (4, 3, 0, 1), (2, 3, 0), (1, 2, 4), (0, 2, 4), (0, 2, 1, 3, 4), (0, 1, 4, 3)]
1((2,), 360.0, 'max', 1.0, (0,), 375.0, 'max', 1.0)
2((0, 2), 4080.0, 'max', 2.0, (1, 2), 4305.0, 'max', 2.0)
3((0, 1, 2), 49200.0, 'max', 3.0, (0, 2, 3), 49440.0, 'max', 3.0)
4((0, 1, 2, 3), 591360.0, 'max', 4.0, (0, 2, 3, 4), 591360.0, 'max', 4.0)

Modalist: [(1, 0, 2), (0, 1, 2, 3), (3, 1, 0, 2, 4), (3, 1, 4, 0, 2), (3, 4, 1), (0, 1, 3), (2, 0, 3), (2, 1, 0), (4, 1, 2, 3), (4, 0, 2, 3), (2, 1, 4, 0), (1, 2, 0), (3, 2, 4), (0, 1, 4, 2, 3), (3, 1, 2, 0, 4), (4, 1, 2, 0, 3), (2, 3, 1), (3, 2, 1, 4, 0), (0, 3, 2), (2, 3, 1, 4), (0, 4, 3, 1), (2, 0, 4, 1), (1, 0, 3), (4, 3, 2, 0, 1), (0, 1, 4, 3), (0, 1, 3, 2), (0, 3, 4, 1, 2), (0, 3, 2, 4, 1), (0, 4, 2), (1, 2, 4)]
1((4,), 330.0, 'max', 1.0, (3,), 375.0, 'max', 1.0)
2((0, 4), 4065.0, 'max', 2.0, (3, 4), 4275.0, 'max', 2.0)
3((0, 3, 4), 52560.0, 'max', 3.0, (2, 3, 4), 56400.0, 'max', 3.0)
4((0, 2, 3, 4), 706560.0, 'max', 4.0, (0, 1, 3, 4), 764160.0, 'max', 4.0)

Modalist: [(3, 1, 0), (2, 1, 0, 4), (4, 1, 0, 2, 3), (3, 4, 2, 0), (2, 4, 0, 3), (1, 2, 3), (1, 4, 2, 0, 3), (2, 1, 0, 3), (2, 4, 0, 1), (4, 2, 0), (2, 3, 4, 0), (2, 1, 3, 0, 4), (3, 2, 1, 0, 4), (1, 4, 3), (3, 4, 1, 0), (0, 1, 2, 3, 4), (2, 4, 3), (3, 0, 4), (0, 3, 4), (3, 4, 2), (0, 3, 1, 4, 2), (0, 1, 3, 4, 2), (1, 0, 4, 3), (0, 1, 4, 2), (3, 0, 2), (4, 3, 1), (2, 1, 4, 0, 3), (0, 2, 4, 3, 1), (0, 4, 2), (1, 2, 4)]
1((1,), 330.0, 'max', 1.0, (2,), 375.0, 'max', 1.0)
2((1, 2), 4050.0, 'max', 2.0, (0, 1), 4290.0, 'max', 2.0)
3((1, 2, 3), 48960.0, 'max', 3.0, (0, 1, 2), 56160.0, 'max', 3.0)
4((1, 2, 3, 4), 652800.0, 'max', 4.0, (0, 1, 2, 3), 702720.0, 'max', 4.0)

Modalist: [(2, 3, 1), (4, 1, 0, 3), (4, 3, 0, 2, 1), (4, 0, 2, 1, 3), (3, 1, 2, 4), (1, 4, 3), (3, 0, 4, 1, 2), (1, 0, 3, 2), (3, 1, 4, 2, 0), (4, 2, 0), (2, 4, 3, 0, 1), (0, 2, 1, 3), (0, 3, 2), (2, 0, 4), (0, 1, 4, 3, 2), (0, 4, 1, 3), (2, 4, 0, 3), (1, 2, 4, 3), (2, 3, 1, 4), (4, 0, 2), (4, 2, 1, 3), (1, 3, 0, 4), (0, 3, 4, 1, 2), (0, 2, 3), (4, 1, 3), (3, 1, 4, 0, 2), (4, 0, 3), (3, 0, 1, 2, 4), (2, 3, 1, 0), (4, 0, 1)]
1((0,), 375.0, 'max', 1.0, (1,), 375.0, 'max', 1.0)
2((0, 1), 4320.0, 'max', 2.0, (1, 2), 4545.0, 'max', 2.0)
3((0, 1, 2), 53040.0, 'max', 3.0, (0, 1, 4), 56880.0, 'max', 3.0)
4((0, 1, 2, 4), 652800.0, 'max', 4.0, (0, 2, 3, 4), 721920.0, 'max', 4.0)

            Modalist: [(1, 3, 0), (0, 1, 4, 3), (2, 1, 0, 3, 4), (4, 2, 3, 0, 1), (3, 1, 0, 4, 2), (0, 1, 2, 4, 3), (4, 0, 2), (1, 4, 0, 3), (0, 3, 2, 4, 1), (0, 3, 1, 2), (2, 3, 0, 1), (3, 2, 4), (0, 3, 4), (3, 1, 2), (2, 3, 4, 0), (2, 0, 4, 1), (1, 3, 2, 0, 4), (2, 0, 1, 4, 3), (0, 2, 4, 3), (1, 2, 3), (2, 4, 3, 0), (1, 3, 2), (2, 3, 4), (4, 3, 0), (4, 1, 0), (2, 1, 4, 0), (0, 1, 3, 2), (0, 2, 1, 3), (0, 4, 3, 2, 1), (2, 0, 1, 4)]
            1((1,), 360.0, 'max', 1.0, (4,), 360.0, 'max', 1.0)
            2((1, 4), 3840.0, 'max', 2.0, (2, 4), 4545.0, 'max', 2.0)
            3((1, 3, 4), 45840.0, 'max', 3.0, (1, 2, 4), 49200.0, 'max', 3.0)
            4((1, 2, 3, 4), 595200.0, 'max', 4.0, (0, 1, 3, 4), 714240.0, 'max', 4.0)

Modalist: [(0, 4, 1), (0, 2, 1, 4), (3, 4, 2, 1, 0), (0, 1, 4, 2, 3), (2, 1, 4, 3, 0), (0, 2, 3, 4), (3, 2, 0, 4), (0, 3, 1, 4, 2), (0, 1, 2), (1, 0, 3, 4, 2), (3, 4, 0, 2), (2, 0, 4, 3, 1), (0, 1, 2, 3), (3, 1, 2, 0, 4), (4, 0, 1, 3), (0, 4, 1, 2, 3), (4, 0, 2), (4, 0, 3), (2, 4, 1, 0), (2, 3, 1, 4, 0), (3, 4, 2), (1, 0, 3, 2), (0, 1, 2, 4), (3, 1, 0), (0, 1, 3, 4, 2), (2, 0, 1, 4), (4, 2, 1), (2, 4, 1, 3), (0, 2, 3), (0, 3, 2)]
1((1,), 360.0, 'max', 1.0, (3,), 360.0, 'max', 1.0)
2((1, 3), 4065.0, 'max', 2.0, (3, 4), 4545.0, 'max', 2.0)
3((1, 3, 4), 52800.0, 'max', 3.0, (1, 2, 3), 56880.0, 'max', 3.0)
4((1, 2, 3, 4), 771840.0, 'max', 4.0, (0, 1, 3, 4), 775680.0, 'max', 4.0)

Modalist: [(2, 3, 0), (4, 0, 2, 3), (2, 1, 3, 0, 4), (1, 4, 3, 2, 0), (3, 2, 0, 4, 1), (0, 1, 2, 4, 3), (2, 0, 4), (2, 4, 0, 3), (1, 4, 0), (0, 3, 1, 4), (4, 3, 0, 2), (4, 3, 0), (0, 4, 2), (0, 4, 1, 3), (4, 1, 3, 2), (1, 2, 3, 4, 0), (4, 2, 0), (1, 0, 3), (4, 3, 0, 1, 2), (3, 1, 4, 0, 2), (0, 3, 2, 4, 1), (0, 3, 4, 2), (0, 4, 3), (4, 2, 3, 1), (0, 1, 2, 3, 4), (2, 4, 3), (1, 0, 4, 2, 3), (3, 2, 1), (0, 1, 3), (3, 4, 0, 2, 1)]
1((1,), 315.0, 'max', 1.0, (2,), 375.0, 'max', 1.0)
2((1, 2), 3810.0, 'max', 2.0, (0, 1), 4305.0, 'max', 2.0)
3((0, 1, 2), 49200.0, 'max', 3.0, (1, 2, 4), 56400.0, 'max', 3.0)
4((0, 1, 2, 3), 771840.0, 'max', 4.0, (0, 1, 2, 4), 771840.0, 'max', 4.0)

Modalist: [(2, 3, 4), (0, 3, 2, 1), (2, 1, 4, 0, 3), (3, 0, 1, 2, 4), (0, 3, 1), (1, 0, 3), (4, 2, 0, 3), (0, 1, 4, 2, 3), (1, 2, 4), (3, 0, 2), (1, 3, 4), (1, 2, 0, 3, 4), (3, 2, 1, 4, 0), (0, 4, 2, 1), (4, 1, 3, 2, 0), (0, 2, 3, 1), (2, 0, 3, 4), (2, 3, 4, 1), (0, 2, 1, 3), (3, 1, 4, 0), (1, 0, 4, 2, 3), (1, 2, 0), (4, 3, 0, 1, 2), (0, 2, 3, 1, 4), (4, 3, 0), (2, 4, 3), (0, 4, 1, 3, 2), (2, 3, 1, 4, 0), (4, 1, 2, 3, 0), (4, 3, 0, 2, 1)]
1((4,), 375.0, 'max', 1.0, (1,), 390.0, 'max', 1.0)
2((1, 4), 4785.0, 'max', 2.0, (0, 4), 4800.0, 'max', 2.0)
3((0, 1, 4), 64560.0, 'max', 3.0, (1, 2, 4), 68160.0, 'max', 3.0)
4((0, 1, 2, 4), 956160.0, 'max', 4.0, (0, 1, 3, 4), 963840.0, 'max', 4.0)

Modalist: [(0, 2, 4), (1, 3, 2, 0), (2, 4, 1, 0, 3), (0, 3, 1, 4, 2), (0, 1, 2, 3, 4), (2, 3, 1), (0, 3, 2), (4, 0, 3, 1), (1, 0, 4, 2, 3), (0, 3, 4, 2), (3, 4, 2, 1, 0), (4, 3, 2, 1, 0), (0, 4, 1, 3), (3, 2, 1, 0), (3, 2, 0, 4), (2, 3, 1, 4, 0), (1, 3, 0, 2, 4), (4, 3, 1, 2, 0), (3, 2, 0, 4, 1), (4, 0, 1, 2), (2, 1, 3), (2, 1, 0, 4, 3), (2, 4, 1), (1, 2, 0), (4, 3, 1, 0, 2), (3, 4, 1, 0, 2), (4, 1, 3, 2), (2, 0, 3), (1, 3, 4), (1, 4, 3)]
1((4,), 375.0, 'max', 1.0, (0,), 390.0, 'max', 1.0)
2((0, 4), 5010.0, 'max', 2.0, (0, 1), 5040.0, 'max', 2.0)
3((0, 1, 4), 68160.0, 'max', 3.0, (1, 2, 4), 68640.0, 'max', 3.0)
4((0, 1, 2, 4), 960000.0, 'max', 4.0, (1, 2, 3, 4), 967680.0, 'max', 4.0)

Modalist: [(4, 2, 1), (4, 1, 2, 0), (4, 2, 0, 3, 1), (3, 2, 0, 4), (1, 3, 0, 4), (1, 2, 0), (0, 3, 2, 4, 1), (3, 0, 1, 4, 2), (3, 1, 4, 2, 0), (3, 4, 0, 1), (0, 1, 4, 3), (3, 0, 2, 4), (0, 1, 2, 3, 4), (0, 3, 1, 2, 4), (3, 0, 1, 4), (4, 1, 2, 3), (0, 3, 2), (0, 4, 3, 1), (4, 0, 1, 3, 2), (3, 1, 0), (0, 1, 3, 2, 4), (1, 3, 2), (4, 2, 0, 1), (1, 0, 2), (2, 4, 1, 0, 3), (0, 2, 3, 1, 4), (2, 0, 3, 1, 4), (0, 3, 1, 4), (0, 3, 2, 1), (2, 4, 0, 3, 1)]
1((2,), 375.0, 'max', 1.0, (4,), 390.0, 'max', 1.0)
2((2, 4), 4785.0, 'max', 2.0, (2, 3), 4800.0, 'max', 2.0)
3((2, 3, 4), 64560.0, 'max', 3.0, (1, 2, 3), 65280.0, 'max', 3.0)
4((1, 2, 3, 4), 906240.0, 'max', 4.0, (0, 1, 2, 3), 917760.0, 'max', 4.0)

Modalist: [(1, 3, 4), (4, 2, 1, 0), (0, 2, 3, 1, 4), (3, 2, 0), (0, 1, 2, 3), (2, 1, 4), (0, 3, 1, 2, 4), (1, 4, 0, 2, 3), (0, 3, 4, 2, 1), (1, 0, 2, 3), (1, 3, 0, 4, 2), (3, 4, 2, 0, 1), (3, 2, 1), (0, 1, 3), (1, 3, 2, 4), (4, 0, 2, 1, 3), (4, 3, 1, 0, 2), (4, 1, 2, 0, 3), (3, 2, 1, 4), (2, 0, 1), (4, 0, 2, 3), (4, 1, 2, 3), (1, 2, 4, 3, 0), (1, 0, 3, 4, 2), (0, 1, 2, 4), (1, 4, 3, 2), (1, 4, 2, 0), (2, 4, 1, 3, 0), (4, 1, 2), (3, 2, 1, 0)]
1((0,), 360.0, 'max', 1.0, (4,), 375.0, 'max', 1.0)
2((0, 4), 4305.0, 'max', 2.0, (0, 3), 4770.0, 'max', 2.0)
3((0, 3, 4), 56640.0, 'max', 3.0, (0, 1, 4), 64800.0, 'max', 3.0)
4((0, 1, 3, 4), 840960.0, 'max', 4.0, (0, 2, 3, 4), 898560.0, 'max', 4.0)

Modalist: [(0, 3, 1), (2, 0, 3, 4), (0, 2, 1, 3, 4), (4, 1, 3), (2, 4, 3, 0, 1), (2, 0, 4, 1, 3), (1, 0, 4, 3, 2), (4, 0, 2, 1, 3), (1, 3, 4, 2), (1, 2, 0, 4), (0, 1, 2, 4, 3), (2, 3, 0, 1, 4), (3, 0, 1), (3, 2, 1, 4), (0, 1, 4), (0, 4, 2, 1), (4, 1, 2, 0), (4, 3, 0, 2), (0, 3, 2, 4), (2, 3, 4, 1, 0), (3, 4, 1), (1, 3, 4), (4, 1, 2, 0, 3), (0, 1, 2, 4), (4, 1, 3, 2, 0), (3, 1, 4, 0, 2), (0, 1, 4, 2), (2, 1, 4, 0), (4, 1, 0), (4, 0, 3, 2)]
1((3,), 360.0, 'max', 1.0, (2,), 375.0, 'max', 1.0)
2((2, 3), 4530.0, 'max', 2.0, (0, 3), 4560.0, 'max', 2.0)
3((1, 2, 3), 57120.0, 'max', 3.0, (0, 1, 3), 57600.0, 'max', 3.0)
4((0, 1, 2, 3), 779520.0, 'max', 4.0, (0, 1, 3, 4), 798720.0, 'max', 4.0)

Modalist: [(4, 1, 3), (0, 1, 2, 4), (3, 1, 0, 2, 4), (1, 2, 4), (1, 4, 0, 3), (2, 4, 1, 3), (4, 2, 1, 3, 0), (0, 2, 4, 1, 3), (2, 4, 3, 0, 1), (4, 2, 1, 0, 3), (4, 1, 2, 0), (2, 3, 1, 4, 0), (1, 0, 3, 4), (0, 2, 4, 3, 1), (4, 2, 3, 0), (2, 4, 3), (1, 2, 0, 3), (0, 2, 1, 3, 4), (1, 0, 3, 4, 2), (3, 1, 4, 0, 2), (0, 3, 1), (1, 2, 0), (2, 3, 4, 1, 0), (0, 4, 1, 3, 2), (2, 1, 0, 3, 4), (4, 3, 0, 2), (3, 0, 4, 1), (3, 1, 2, 0), (0, 4, 2, 1, 3), (2, 3, 4)]
1((0,), 405.0, 'max', 1.0, (2,), 405.0, 'max', 1.0)
2((0, 2), 5505.0, 'max', 2.0, (0, 4), 5520.0, 'max', 2.0)
3((1, 2, 3), 72960.0, 'max', 3.0, (0, 2, 3), 76320.0, 'max', 3.0)
4((1, 2, 3, 4), 1036800.0, 'max', 4.0, (0, 1, 2, 3), 1090560.0, 'max', 4.0)

Modalist: [(4, 3, 1), (0, 1, 2, 4), (1, 3, 2, 4, 0), (2, 1, 4, 0), (3, 4, 0, 1, 2), (4, 0, 2), (0, 4, 2), (4, 0, 1), (0, 2, 1, 4), (4, 3, 2), (4, 0, 1, 3), (4, 0, 1, 2, 3), (2, 4, 1, 0, 3), (0, 1, 4), (2, 1, 0), (1, 2, 4, 0, 3), (4, 1, 2, 3, 0), (2, 4, 0, 1, 3), (0, 1, 3, 2), (0, 2, 3, 4), (2, 4, 1), (1, 4, 0, 3, 2), (0, 1, 3), (1, 2, 4, 3, 0), (4, 3, 0, 2), (3, 2, 1, 4, 0), (0, 1, 3, 4), (3, 1, 2, 4, 0), (3, 1, 0), (3, 1, 2)]
1((3,), 345.0, 'max', 1.0, (2,), 375.0, 'max', 1.0)
2((2, 3), 4290.0, 'max', 2.0, (3, 4), 4545.0, 'max', 2.0)
3((1, 2, 3), 56640.0, 'max', 3.0, (2, 3, 4), 60240.0, 'max', 3.0)
4((1, 2, 3, 4), 771840.0, 'max', 4.0, (0, 1, 2, 3), 833280.0, 'max', 4.0)

Modalist: [(0, 4, 3), (0, 2, 3, 1), (0, 1, 2, 3, 4), (2, 0, 4, 3, 1), (1, 4, 0, 2, 3), (0, 2, 1), (4, 0, 2, 1), (3, 4, 2, 0, 1), (4, 1, 2, 0, 3), (4, 2, 3, 0, 1), (3, 4, 2, 0), (4, 3, 2, 0, 1), (2, 3, 1), (3, 4, 0, 1, 2), (4, 0, 2), (4, 1, 2), (3, 4, 1, 0), (2, 4, 3, 1), (2, 0, 4, 3), (3, 0, 2, 4), (1, 4, 0, 3, 2), (2, 3, 1, 0, 4), (1, 3, 0, 2), (0, 3, 1), (1, 3, 2), (4, 1, 0, 3, 2), (0, 1, 3, 2, 4), (4, 2, 1), (3, 4, 1, 0, 2), (1, 2, 3, 0, 4)]
1((4,), 390.0, 'max', 1.0, (0,), 405.0, 'max', 1.0)
2((1, 4), 5040.0, 'max', 2.0, (3, 4), 5265.0, 'max', 2.0)
3((0, 1, 4), 68640.0, 'max', 3.0, (1, 3, 4), 68640.0, 'max', 3.0)
4((0, 1, 3, 4), 1021440.0, 'max', 4.0, (0, 1, 2, 4), 1029120.0, 'max', 4.0)
