
Modalist: [(3,), (2, 3), (2, 0, 1), (0, 1), (2, 0), (0, 3, 2), (2,), (2, 3, 1), (4, 1), (1, 4), (3, 0), (1,), (1, 2), (1, 3), (4,), (0,), (4, 3, 0), (3, 4, 2), (4, 3, 1), (3, 1), (3, 4), (2, 0, 4), (3, 2, 1), (1, 4, 0), (4, 2, 0), (1, 0), (4, 0), (0, 3), (4, 1, 0), (0, 4)]
1((2,), 195.0, 'max', 1.0, (3,), 225.0, 'max', 1.0)
2((2, 4), 1065.0, 'max', 2.0, (1, 2), 1305.0, 'max', 2.0)

            Modalist: [(2,), (0, 2), (1, 0, 4), (2, 3), (4,), (2, 4), (3,), (0,), (1,), (4, 1), (1, 4, 0), (1, 2, 0), (4, 3), (4, 3, 0), (2, 1), (0, 3), (0, 4), (1, 4), (1, 4, 3), (4, 3, 2), (3, 1), (3, 2, 4), (2, 1, 0), (1, 0), (2, 0, 4), (3, 4, 0), (3, 4, 2), (2, 0), (4, 2, 1), (3, 2)]
            1((1,), 210.0, 'max', 1.0, (3,), 210.0, 'max', 1.0)
            2((1, 3), 840.0, 'max', 2.0, (0, 3), 1080.0, 'max', 2.0)

            Modalist: [(4,), (3, 4), (4, 0, 1), (1,), (2,), (1, 4), (2, 0), (0, 1, 4), (2, 1), (4, 0, 2), (0, 2), (1, 2, 3), (3,), (0, 4, 2), (0, 1, 2), (3, 2, 1), (2, 4), (1, 3, 4), (2, 1, 3), (0,), (3, 2), (2, 0, 1), (0, 3, 4), (4, 1), (1, 2), (0, 4), (3, 1), (2, 3, 4), (4, 3), (0, 2, 1)]
            1((3,), 195.0, 'max', 1.0, (0,), 210.0, 'max', 1.0)
            2((0, 3), 600.0, 'max', 2.0, (2, 4), 1380.0, 'max', 2.0)

Modalist: [(3,), (4, 2), (4, 1, 2), (1, 0, 2), (3, 1), (4,), (2,), (3, 0, 1), (2, 1), (0,), (2, 3, 4), (0, 4, 2), (0, 1, 3), (1, 2), (1, 0), (2, 0, 1), (1, 2, 3), (0, 1, 2), (3, 2), (1, 3, 4), (4, 2, 3), (2, 1, 0), (0, 1), (0, 4), (4, 1), (4, 0), (2, 3), (1, 3, 2), (3, 4, 1), (3, 4)]
1((0,), 210.0, 'max', 1.0, (4,), 210.0, 'max', 1.0)
2((0, 3), 855.0, 'max', 2.0, (0, 4), 1065.0, 'max', 2.0)

Modalist: [(4,), (2, 4), (3, 1, 4), (3,), (0, 1, 4), (3, 1, 0), (2, 1), (3, 4), (1, 4, 0), (0, 2), (1, 0, 2), (1, 3), (1, 3, 0), (1, 2), (1,), (0, 3), (1, 0), (3, 2), (3, 2, 4), (3, 0, 1), (4, 0), (4, 1), (2,), (3, 2, 0), (4, 2), (2, 3, 1), (4, 1, 3), (2, 1, 3), (2, 0), (0, 3, 1)]
1((4,), 195.0, 'max', 1.0, (0,), 225.0, 'max', 1.0)
2((0, 4), 1065.0, 'max', 2.0, (2, 4), 1065.0, 'max', 2.0)

Modalist: [(4,), (2, 0), (0, 2, 3), (3, 2), (2,), (4, 1), (4, 2, 1), (1, 4, 0), (0,), (0, 3, 1), (3,), (3, 1, 4), (1, 4), (4, 3, 0), (4, 2, 3), (1, 2, 4), (1,), (3, 0, 1), (0, 2, 4), (4, 1, 0), (1, 0, 4), (0, 2), (0, 4, 1), (3, 1, 2), (2, 3), (3, 2, 0), (3, 4), (2, 1, 3), (2, 1), (4, 1, 2)]
1((0,), 225.0, 'max', 1.0, (3,), 225.0, 'max', 1.0)
2((3, 4), 1350.0, 'max', 2.0, (0, 3), 1545.0, 'max', 2.0)

Modalist: [(3,), (4, 3), (1, 0, 4), (2, 0, 4), (3, 2), (1,), (2, 0), (1, 4), (4, 0, 3), (2, 1, 0), (1, 2, 3), (0,), (4,), (0, 2, 4), (3, 0, 1), (4, 2, 1), (1, 2, 4), (3, 4, 2), (0, 4), (2, 3), (4, 0), (4, 1, 2), (2, 1), (3, 1), (2,), (2, 3, 0), (4, 2, 3), (2, 3, 1), (4, 1), (1, 0)]
1((0,), 210.0, 'max', 1.0, (3,), 210.0, 'max', 1.0)
2((0, 3), 1065.0, 'max', 2.0, (0, 1), 1320.0, 'max', 2.0)

Modalist: [(0,), (2, 4), (4, 2, 1), (4, 1, 3), (3, 0), (2, 1), (0, 2, 4), (2, 3, 0), (0, 4), (2,), (1,), (4, 2, 3), (3, 0, 2), (0, 1), (1, 3), (4,), (3,), (1, 4, 0), (3, 1), (3, 4), (1, 3, 4), (0, 2, 1), (1, 0, 4), (1, 3, 2), (1, 2, 0), (2, 0, 4), (1, 2, 3), (0, 3, 2), (4, 0), (0, 2)]
1((3,), 225.0, 'max', 1.0, (4,), 225.0, 'max', 1.0)
2((3, 4), 1320.0, 'max', 2.0, (0, 3), 1350.0, 'max', 2.0)

Modalist: [(3,), (3, 0), (2, 4, 1), (1,), (4, 1), (4,), (3, 2), (3, 1), (3, 0, 4), (2,), (3, 1, 0), (2, 1), (1, 2, 3), (0, 1, 2), (2, 0), (2, 4, 3), (0, 4, 1), (1, 0, 3), (1, 4, 3), (1, 3, 2), (0, 3), (2, 3), (4, 0), (4, 3), (3, 4), (3, 2, 4), (2, 3, 1), (1, 3), (0, 2), (4, 3, 0)]
1((0,), 195.0, 'max', 1.0, (4,), 210.0, 'max', 1.0)
2((0, 2), 1065.0, 'max', 2.0, (2, 4), 1080.0, 'max', 2.0)

Modalist: [(3,), (4, 2), (2, 0, 3), (1, 4), (0,), (4,), (0, 4), (4, 3, 1), (0, 3), (2,), (1, 0, 4), (0, 2), (3, 0, 1), (2, 1, 0), (4, 0, 1), (4, 0, 2), (3, 1, 2), (4, 1, 0), (4, 2, 3), (0, 1, 4), (1,), (4, 1, 2), (0, 4, 1), (3, 1), (0, 4, 3), (3, 2), (2, 3, 4), (1, 3), (4, 1), (4, 0)]
1((2,), 195.0, 'max', 1.0, (3,), 210.0, 'max', 1.0)
2((1, 2), 1095.0, 'max', 2.0, (0, 2), 1320.0, 'max', 2.0)

Modalist: [(2,), (0, 1), (3, 0, 1), (1, 0), (1, 3, 0), (2, 4, 0), (4, 3), (0,), (2, 1, 0), (3, 4), (1, 2, 0), (2, 0), (2, 4), (1, 2, 4), (4,), (2, 3), (0, 2, 3), (1,), (2, 0, 1), (3,), (4, 2), (1, 0, 3), (4, 1), (3, 4, 0), (2, 1), (3, 0), (3, 1), (4, 0, 1), (0, 3), (1, 2)]
1((4,), 180.0, 'max', 1.0, (3,), 210.0, 'max', 1.0)
2((2, 3), 855.0, 'max', 2.0, (3, 4), 1035.0, 'max', 2.0)

Modalist: [(4,), (4, 3), (4, 0, 3), (2, 0, 4), (1, 4), (2,), (3, 2, 1), (1, 2), (3, 4, 0), (1,), (3, 2), (3, 1), (2, 1, 4), (1, 3), (0, 4), (3, 0, 2), (1, 0, 4), (1, 0), (0, 3), (4, 1, 3), (3, 4), (4, 1), (3,), (2, 3, 0), (3, 2, 0), (1, 4, 0), (3, 0), (2, 3, 4), (4, 3, 2), (2, 0, 3)]
1((1,), 210.0, 'max', 1.0, (2,), 210.0, 'max', 1.0)
2((1, 2), 1065.0, 'max', 2.0, (0, 1), 1080.0, 'max', 2.0)

Modalist: [(2,), (2, 4), (4, 1, 3), (3, 0), (2, 3), (1,), (2, 1, 4), (1, 0, 2), (0, 4), (1, 0), (4,), (0, 4, 1), (2, 3, 1), (3,), (4, 1), (1, 3, 2), (0, 2), (2, 3, 0), (0,), (0, 3, 2), (0, 3), (4, 2, 0), (1, 2, 0), (4, 2), (1, 2), (3, 1), (0, 3, 4), (1, 3, 0), (2, 1), (4, 0, 1)]
1((4,), 195.0, 'max', 1.0, (3,), 210.0, 'max', 1.0)
2((3, 4), 825.0, 'max', 2.0, (2, 4), 1320.0, 'max', 2.0)

Modalist: [(4,), (4, 1), (4, 0, 3), (3, 4, 0), (2, 0), (0, 2, 1), (1,), (0, 4, 2), (0, 3), (0, 3, 1), (2, 4), (1, 3, 0), (0,), (4, 1, 3), (3, 2, 1), (3, 4), (3, 2, 0), (2,), (1, 0, 4), (3, 1, 4), (0, 2), (1, 4), (2, 4, 0), (1, 3), (0, 4), (3,), (1, 3, 2), (4, 3), (0, 1, 3), (4, 2, 3)]
1((2,), 195.0, 'max', 1.0, (1,), 225.0, 'max', 1.0)
2((1, 2), 1065.0, 'max', 2.0, (2, 4), 1320.0, 'max', 2.0)

Modalist: [(4,), (3, 0), (0, 1, 2), (2, 4), (2,), (4, 3), (0, 2), (0, 1), (2, 4, 0), (2, 0, 3), (0, 3, 1), (2, 0), (4, 0, 2), (3,), (1, 4, 3), (2, 3, 1), (3, 2), (3, 0, 2), (0,), (1,), (1, 0), (4, 0, 1), (1, 3), (0, 3, 2), (3, 0, 1), (3, 2, 4), (4, 2, 3), (3, 2, 0), (4, 1), (1, 2, 0)]
1((4,), 180.0, 'max', 1.0, (1,), 210.0, 'max', 1.0)
2((1, 4), 1035.0, 'max', 2.0, (0, 4), 1110.0, 'max', 2.0)

Modalist: [(1,), (0, 4), (4, 3, 0), (4, 3, 2), (2,), (0,), (1, 3), (1, 4, 0), (4,), (2, 0), (0, 1), (1, 2, 3), (3,), (1, 4, 2), (0, 4, 1), (0, 1, 4), (2, 4, 1), (2, 3, 4), (1, 4), (4, 2, 3), (2, 0, 4), (2, 1, 3), (2, 1), (4, 2, 0), (0, 1, 2), (2, 3, 0), (1, 2, 0), (4, 0, 2), (0, 3, 2), (0, 2, 3)]
1((3,), 195.0, 'max', 1.0, (1,), 240.0, 'max', 1.0)
2((1, 3), 1080.0, 'max', 2.0, (3, 4), 1320.0, 'max', 2.0)

Modalist: [(4,), (4, 0), (2, 0, 4), (1, 2, 3), (4, 3), (2,), (2, 0), (1,), (3, 4), (1, 4, 2), (0, 4, 1), (1, 3), (3, 1, 4), (3,), (0, 3, 2), (0, 2, 4), (0, 1, 4), (0, 1), (3, 1), (4, 1), (1, 2), (4, 3, 0), (2, 4), (0,), (3, 4, 0), (3, 2), (2, 3), (1, 3, 0), (0, 3, 4), (0, 2, 1)]
1((2,), 210.0, 'max', 1.0, (1,), 225.0, 'max', 1.0)
2((1, 2), 1305.0, 'max', 2.0, (2, 3), 1320.0, 'max', 2.0)

Modalist: [(2,), (4, 1), (3, 4, 1), (2, 4, 1), (0, 4), (0,), (2, 3), (3, 0, 2), (3, 2), (1, 0, 2), (1, 2, 0), (4,), (3,), (4, 0), (3, 2, 1), (0, 1), (1, 0), (1, 3, 0), (0, 3), (3, 0, 4), (0, 2), (4, 2), (0, 4, 3), (3, 1, 2), (3, 4), (1,), (1, 4), (4, 3), (4, 1, 3), (0, 1, 3)]
1((2,), 195.0, 'max', 1.0, (4,), 225.0, 'max', 1.0)
2((2, 4), 840.0, 'max', 2.0, (0, 2), 1305.0, 'max', 2.0)

Modalist: [(3,), (1, 4), (3, 2, 1), (3, 4, 0), (4, 2), (4, 3), (3, 1, 2), (2, 0, 4), (2,), (0, 1), (0,), (0, 4), (3, 2, 0), (4,), (3, 2), (3, 1, 4), (0, 3), (4, 2, 0), (2, 1, 4), (0, 2, 1), (1,), (0, 2), (3, 4, 1), (1, 2, 3), (3, 4), (4, 1, 0), (2, 4), (3, 0), (1, 0), (2, 0)]
1((1,), 210.0, 'max', 1.0, (3,), 225.0, 'max', 1.0)
2((0, 1), 1320.0, 'max', 2.0, (0, 3), 1335.0, 'max', 2.0)

Modalist: [(4,), (3, 4), (0, 4, 3), (3, 0, 4), (0, 4, 2), (3, 1), (3, 0), (1,), (2, 1), (3, 4, 1), (4, 1), (2, 1, 0), (0,), (2,), (3,), (1, 3), (3, 0, 1), (3, 2), (0, 3), (1, 2, 4), (4, 0, 1), (3, 1, 0), (1, 4), (0, 2), (4, 2), (2, 3, 0), (2, 4), (0, 1), (0, 4), (4, 1, 2)]
1((2,), 195.0, 'max', 1.0, (3,), 225.0, 'max', 1.0)
2((2, 3), 840.0, 'max', 2.0, (0, 2), 1305.0, 'max', 2.0)
