
Modalist: [(1,), (1, 0), (3, 4, 1), (4, 0, 1, 2), (3, 4, 1, 2, 0), (3, 4), (0, 4), (4, 3, 1, 0, 2), (4,), (3, 4, 0, 2), (2, 1), (1, 3, 2, 0, 4), (2,), (0, 3), (3,), (4, 1, 0), (0, 2, 1), (1, 3), (2, 0, 4, 1), (0, 2), (3, 2, 4, 1), (2, 4, 3), (3, 4, 1, 2), (4, 1, 2, 0, 3), (2, 4, 3, 1, 0), (0,), (1, 2, 0, 4, 3), (1, 3, 4, 2, 0), (4, 2), (1, 2, 3, 4, 0), (4, 2, 0, 1), (3, 4, 2), (2, 3, 4, 1), (2, 3, 4, 0, 1), (0, 4, 1), (1, 0, 3), (4, 0), (4, 3, 0, 2, 1), (0, 2, 3, 1), (4, 1), (2, 4, 1, 3), (2, 3, 1), (1, 2), (0, 1, 2, 4), (3, 1, 0), (2, 3, 1, 0, 4), (0, 3, 4, 2), (3, 2, 0, 1, 4), (2, 0, 4), (4, 3, 0, 1)]
1((3,), 500.0, 'max', 1.0, (0,), 530.0, 'max', 1.0)
2((0, 3), 5255.0, 'max', 2.0, (2, 3), 5945.0, 'max', 2.0)
3((0, 2, 3), 66275.0, 'max', 3.0, (0, 3, 4), 66980.0, 'max', 3.0)
4((0, 1, 2, 3), 916625.0, 'max', 4.0, (0, 1, 3, 4), 920705.0, 'max', 4.0)

Modalist: [(3,), (0, 2), (4, 1, 2), (0, 1, 4, 2), (1, 2, 0, 4, 3), (1,), (3, 2, 0, 4), (4, 3), (4, 2, 3), (2, 3, 4), (0, 4, 1, 3), (3, 0, 1, 4, 2), (3, 1, 2), (2, 4, 0, 3, 1), (1, 4, 3, 2, 0), (4, 2), (3, 4), (0, 1, 3, 4), (2, 0), (2,), (4,), (4, 1), (1, 4, 2, 0), (0, 1), (4, 0, 3, 2, 1), (2, 3, 0), (1, 3, 4, 0, 2), (3, 4, 0, 1, 2), (2, 3, 1, 0, 4), (2, 4, 0), (3, 0, 4, 2, 1), (4, 0), (3, 4, 0, 2, 1), (2, 1, 4), (4, 0, 2), (4, 3, 2), (3, 4, 1, 2), (0, 4, 3, 1, 2), (1, 4, 0), (1, 3), (3, 4, 2), (2, 3), (2, 3, 1), (4, 0, 1, 2), (2, 0, 1, 3, 4), (0, 2, 4), (1, 0, 2), (1, 0), (0, 4, 1, 3, 2), (3, 0)]
1((1,), 500.0, 'max', 1.0, (3,), 500.0, 'max', 1.0)
2((0, 3), 5015.0, 'max', 2.0, (1, 3), 5225.0, 'max', 2.0)
3((0, 1, 3), 65315.0, 'max', 3.0, (0, 2, 3), 66755.0, 'max', 3.0)
4((0, 1, 2, 3), 901505.0, 'max', 4.0, (1, 2, 3, 4), 978080.0, 'max', 4.0)

Modalist: [(1,), (0, 4), (1, 2, 3), (0, 2, 4, 1), (1, 2, 4, 3, 0), (3, 2, 0, 4, 1), (1, 0, 3, 4), (4, 1, 0, 2, 3), (1, 0), (1, 3, 4, 2), (1, 2), (3, 1), (3, 4, 1, 2, 0), (0, 1, 4), (4, 1), (2,), (1, 0, 2), (0,), (2, 1, 0, 4), (4, 1, 3, 2, 0), (2, 0), (4, 0), (3, 4, 0, 2), (1, 4, 3), (4, 3, 1, 0, 2), (3, 2, 4), (3, 4, 1), (0, 3, 4, 1), (3, 2, 4, 1), (4, 0, 1, 3), (0, 3, 1), (3, 4, 2, 0), (0, 1), (1, 4, 0, 2, 3), (2, 3), (4, 3), (3, 1, 2), (3, 0, 4, 2), (3, 1, 0, 2), (4, 2), (3, 0, 2, 4), (2, 4), (1, 2, 0), (3, 0, 1), (3, 0, 1, 4), (3, 2), (2, 4, 0), (1, 2, 4), (4, 2, 1, 0), (3, 0, 2)]
1((3,), 500.0, 'max', 1.0, (0,), 530.0, 'max', 1.0)
2((0, 3), 5255.0, 'max', 2.0, (1, 2), 5300.0, 'max', 2.0)
3((1, 2, 3), 55475.0, 'max', 3.0, (0, 2, 3), 58610.0, 'max', 3.0)
4((0, 1, 2, 3), 609680.0, 'max', 4.0, (1, 2, 3, 4), 667505.0, 'max', 4.0)

Modalist: [(0,), (4, 0), (4, 3, 2), (3, 2, 1, 0), (1, 2, 4, 3, 0), (3, 4, 0), (4,), (2, 3, 1, 0, 4), (4, 3, 2, 0), (3, 2, 4), (4, 0, 3), (1,), (2, 0, 4, 1, 3), (4, 1, 3), (3, 4), (3, 4, 0, 1), (0, 2), (0, 4, 1), (3, 0, 1, 4, 2), (3,), (3, 1, 0, 2), (1, 0), (0, 1, 2), (4, 0, 2, 3, 1), (4, 1), (2, 4, 3), (3, 1), (2, 1, 0, 3), (1, 3, 2, 0), (3, 2, 0, 1, 4), (2, 1, 0, 4), (3, 0, 2), (1, 0, 4, 3, 2), (4, 3), (1, 4, 0), (4, 0, 1), (2, 4, 1), (1, 3), (2, 3, 4, 0), (4, 0, 3, 2), (1, 0, 4, 2, 3), (0, 3, 1), (0, 3, 4, 2, 1), (3, 0, 4, 1, 2), (4, 0, 1, 2, 3), (2, 3, 0, 1, 4), (4, 1, 0, 3), (3, 0), (1, 3, 2, 4, 0), (3, 4, 1, 2, 0)]
1((2,), 485.0, 'max', 1.0, (1,), 545.0, 'max', 1.0)
2((1, 2), 5705.0, 'max', 2.0, (2, 4), 5960.0, 'max', 2.0)
3((1, 2, 4), 70355.0, 'max', 3.0, (1, 3, 4), 75650.0, 'max', 3.0)
4((1, 2, 3, 4), 982385.0, 'max', 4.0, (0, 1, 2, 4), 1043585.0, 'max', 4.0)

Modalist: [(0,), (0, 4), (1, 3, 0), (4, 0, 2, 3), (3, 2, 1, 0, 4), (3, 2, 4), (0, 3, 2, 1), (4,), (3, 2, 4, 1, 0), (1, 4, 3, 0, 2), (4, 1, 2, 0), (3, 4, 0, 2, 1), (3, 4, 2), (4, 3, 0, 1, 2), (0, 3, 2, 1, 4), (2,), (0, 1, 2, 4, 3), (0, 1, 3, 4, 2), (2, 1, 3, 4, 0), (1, 2), (3, 0, 2), (4, 3, 1), (0, 3), (3,), (0, 4, 3), (4, 3, 2), (4, 3, 0, 1), (2, 1, 3, 0), (1, 4), (0, 1, 2, 3), (2, 1, 3, 4), (4, 2, 3), (3, 2, 4, 0, 1), (0, 3, 2), (3, 1), (2, 3), (2, 0, 3), (4, 2, 0, 3), (3, 4, 1, 0, 2), (3, 0, 4), (3, 2), (2, 1), (1, 0, 3, 2), (2, 0, 3, 4), (2, 3, 0, 4), (1, 0, 2), (2, 3, 1, 4, 0), (4, 1, 2, 3, 0), (1,), (0, 1, 3)]
1((1,), 485.0, 'max', 1.0, (4,), 500.0, 'max', 1.0)
2((1, 4), 4985.0, 'max', 2.0, (0, 1), 5945.0, 'max', 2.0)
3((0, 1, 4), 66020.0, 'max', 3.0, (1, 2, 4), 66275.0, 'max', 3.0)
4((0, 1, 2, 4), 966785.0, 'max', 4.0, (0, 1, 3, 4), 982145.0, 'max', 4.0)

Modalist: [(1,), (0, 2), (2, 3, 1), (3, 0, 2, 1), (4, 2, 0, 1, 3), (4,), (4, 0, 3), (0, 4, 3), (3,), (4, 3, 0), (0, 1), (2, 3, 4), (3, 0), (3, 1, 0), (2, 1), (2, 0, 3), (2, 0), (3, 1, 0, 4), (4, 1, 2, 0, 3), (0,), (3, 4, 1), (0, 4, 2), (0, 2, 1, 3, 4), (0, 4), (0, 3), (1, 0), (0, 2, 4), (4, 3, 2), (3, 1), (2, 1, 3, 0, 4), (4, 1), (3, 1, 4, 2, 0), (2,), (1, 3, 4, 0, 2), (0, 1, 2), (3, 0, 1), (3, 4, 2, 0), (3, 4, 0), (1, 4), (3, 2, 1, 0), (4, 3, 2, 0, 1), (1, 4, 0, 2), (3, 0, 2), (0, 1, 2, 3, 4), (0, 3, 2, 1, 4), (0, 1, 2, 4), (0, 4, 3, 2, 1), (4, 3, 1), (4, 0, 2), (1, 3, 0, 4)]
1((2,), 470.0, 'max', 1.0, (1,), 485.0, 'max', 1.0)
2((1, 2), 4730.0, 'max', 2.0, (2, 4), 4970.0, 'max', 2.0)
3((1, 2, 4), 53780.0, 'max', 3.0, (1, 2, 3), 57635.0, 'max', 3.0)
4((1, 2, 3, 4), 708785.0, 'max', 4.0, (0, 2, 3, 4), 793505.0, 'max', 4.0)

Modalist: [(2,), (1, 0), (0, 2, 3), (1, 2, 4, 3), (4, 0, 1, 3, 2), (3, 1, 2, 0), (0,), (2, 1), (1, 2, 4, 0), (4,), (3, 1, 4, 2), (2, 4, 3, 0), (0, 1, 4, 3), (1, 3, 0), (3, 4, 0), (4, 2, 1), (1,), (2, 0), (1, 3, 4, 2, 0), (3, 4, 1, 0, 2), (0, 4, 2, 3, 1), (4, 1, 0, 2, 3), (0, 2, 1, 4, 3), (0, 2, 1, 3, 4), (4, 3), (4, 1, 3, 2), (1, 0, 2, 4), (4, 2), (3, 4, 2, 0), (1, 0, 2), (3, 4), (1, 3, 2, 0, 4), (1, 2), (2, 1, 4, 0), (4, 3, 2, 0, 1), (2, 4, 1, 0), (1, 4, 0), (1, 4, 0, 3, 2), (2, 3, 0), (3,), (1, 4), (0, 1), (1, 4, 3), (1, 2, 0, 4), (1, 2, 3, 0, 4), (2, 4), (2, 1, 3, 0, 4), (0, 2), (2, 3), (1, 3, 2)]
1((3,), 485.0, 'max', 1.0, (0,), 530.0, 'max', 1.0)
2((0, 3), 5465.0, 'max', 2.0, (1, 3), 5495.0, 'max', 2.0)
3((0, 1, 3), 66500.0, 'max', 3.0, (0, 3, 4), 69860.0, 'max', 3.0)
4((0, 1, 3, 4), 916145.0, 'max', 4.0, (0, 1, 2, 3), 920465.0, 'max', 4.0)

Modalist: [(1,), (2, 3), (1, 0, 3), (3, 4, 1, 0), (0, 4, 2, 1, 3), (0, 2, 4), (0, 4, 3, 1, 2), (3, 1, 0), (3, 4), (2, 3, 4, 1, 0), (1, 0), (1, 3, 0, 4), (4, 2, 0), (3, 1, 0, 4), (1, 3, 0), (1, 2, 3, 4), (1, 2), (4, 2, 1, 3), (4, 0, 2, 1), (0, 4, 1, 2), (1, 4, 3, 2), (2, 1, 3, 0), (1, 2, 0, 4), (1, 2, 4, 3, 0), (4, 0, 3), (0, 3, 1, 2), (3,), (2, 0, 4), (1, 0, 4, 3), (1, 3, 2, 4, 0), (2, 1, 3), (4, 2, 0, 1, 3), (4, 2, 1), (2, 4), (0, 3), (4, 2), (3, 1, 2, 4), (2, 1, 0, 3, 4), (0, 2, 1, 3, 4), (1, 3), (3, 4, 2), (0, 2), (0, 4), (4,), (2, 3, 4), (4, 3, 0), (2, 3, 1, 0, 4), (1, 4), (0, 1, 4, 2), (0,)]
1((2,), 515.0, 'max', 1.0, (0,), 530.0, 'max', 1.0)
2((0, 2), 5270.0, 'max', 2.0, (2, 3), 5270.0, 'max', 2.0)
3((0, 2, 3), 51875.0, 'max', 3.0, (0, 1, 2), 66515.0, 'max', 3.0)
4((0, 2, 3, 4), 679025.0, 'max', 4.0, (0, 1, 2, 3), 790145.0, 'max', 4.0)

Modalist: [(0,), (2, 1), (2, 1, 0), (1, 0, 4, 3), (3, 2, 4, 1, 0), (3, 1, 2), (2, 0, 3, 4, 1), (1,), (1, 2, 0), (2, 1, 0, 4), (0, 4, 2, 1), (3,), (2,), (4, 1, 0), (1, 3), (0, 4, 1), (4, 1, 2, 0, 3), (4, 0), (4, 0, 2, 3, 1), (4, 0, 1, 3), (1, 2), (0, 2, 4, 1), (3, 4), (0, 3, 2, 1, 4), (2, 3, 1, 0, 4), (3, 1, 4, 2, 0), (4,), (3, 4, 2), (4, 3, 0), (3, 0, 4, 1, 2), (2, 3, 4), (4, 3), (3, 1, 0), (4, 1, 3), (0, 3, 2, 4, 1), (4, 1, 3, 2), (0, 4, 2), (3, 4, 0), (1, 2, 4, 3, 0), (2, 4, 0, 3, 1), (3, 0, 4), (4, 2, 0, 1, 3), (1, 4, 0), (0, 1, 4, 2), (3, 0, 2, 4), (0, 3), (0, 4), (4, 3, 1, 0, 2), (4, 1, 2, 3), (3, 1, 4, 0)]
1((2,), 485.0, 'max', 1.0, (3,), 530.0, 'max', 1.0)
2((2, 3), 5240.0, 'max', 2.0, (0, 2), 5735.0, 'max', 2.0)
3((0, 2, 3), 62690.0, 'max', 3.0, (1, 2, 3), 70100.0, 'max', 3.0)
4((0, 1, 2, 3), 913025.0, 'max', 4.0, (0, 2, 3, 4), 982385.0, 'max', 4.0)

Modalist: [(2,), (4, 2), (0, 2, 4), (2, 0, 4, 1), (4, 0, 3, 1, 2), (4, 3), (4, 1), (2, 3, 1, 0), (3, 0, 4), (4, 2, 3, 0), (2, 1, 4, 0, 3), (3,), (0, 4, 2), (0, 1, 4), (0, 4), (1, 2, 4, 3), (2, 1, 3, 0, 4), (3, 1, 2), (2, 3, 1, 0, 4), (1,), (3, 4, 0, 2, 1), (0,), (2, 4, 0), (3, 1, 4), (2, 3), (1, 3, 4, 0, 2), (0, 1, 2, 4, 3), (1, 4), (4,), (1, 3), (2, 4, 3, 1), (3, 1), (1, 0, 2, 4, 3), (1, 4, 3, 0), (0, 3, 4, 1), (3, 0, 4, 2, 1), (1, 0, 3, 4), (2, 0, 1, 4), (1, 4, 3, 2, 0), (0, 3), (4, 3, 2, 0), (3, 2), (2, 0, 4, 3), (1, 2, 4, 0), (0, 2, 4, 1), (2, 1, 0), (3, 2, 1, 4, 0), (1, 2, 0, 3, 4), (0, 1, 2, 3, 4), (1, 2, 0, 4, 3)]
1((1,), 545.0, 'max', 1.0, (2,), 545.0, 'max', 1.0)
2((1, 2), 6215.0, 'max', 2.0, (2, 3), 6215.0, 'max', 2.0)
3((1, 2, 3), 78035.0, 'max', 3.0, (0, 1, 3), 78275.0, 'max', 3.0)
4((0, 1, 2, 3), 1043345.0, 'max', 4.0, (1, 2, 3, 4), 1105505.0, 'max', 4.0)

Modalist: [(4,), (2, 4), (2, 3, 0), (2, 4, 1, 3), (1, 0, 2, 3, 4), (4, 2, 1, 0, 3), (3, 0, 4, 1), (1, 3, 0), (4, 1, 0, 3, 2), (2,), (0,), (3, 0, 1), (0, 4, 3, 2, 1), (3, 4), (0, 2, 3, 1), (0, 1, 2, 4, 3), (1, 0, 2), (0, 3, 1), (0, 4, 2), (1, 4, 0), (3,), (4, 1, 3), (2, 3), (4, 1, 0), (1,), (2, 0, 1), (0, 4, 2, 1, 3), (3, 2, 1, 4), (4, 1), (0, 2, 3, 1, 4), (4, 2, 3), (3, 0, 2, 4, 1), (2, 3, 4, 1, 0), (4, 0, 3), (3, 2, 1), (1, 2, 3), (1, 2), (3, 0), (0, 2), (4, 1, 2, 0), (2, 4, 1), (3, 0, 1, 2, 4), (0, 2, 4, 1), (1, 3), (3, 2, 4, 1), (0, 2, 1, 4, 3), (1, 3, 2, 4, 0), (0, 1, 3, 4), (3, 0, 4), (1, 0, 3, 2, 4)]
1((0,), 530.0, 'max', 1.0, (2,), 530.0, 'max', 1.0)
2((0, 2), 5735.0, 'max', 2.0, (0, 4), 5960.0, 'max', 2.0)
3((0, 2, 3), 66995.0, 'max', 3.0, (0, 2, 4), 70115.0, 'max', 3.0)
4((0, 2, 3, 4), 909425.0, 'max', 4.0, (0, 1, 2, 3), 982385.0, 'max', 4.0)

Modalist: [(3,), (2, 0), (2, 4, 0), (2, 1, 4, 3), (4, 0, 2, 3, 1), (1,), (1, 2), (0, 2, 4, 3, 1), (0, 1, 4, 3, 2), (4, 1, 0, 2, 3), (4, 0, 1), (2, 3), (2, 3, 4), (0,), (1, 2, 4, 3, 0), (0, 3, 2, 4, 1), (4, 1, 3, 0, 2), (3, 4), (4,), (1, 3, 4, 0), (1, 2, 0), (3, 2, 4, 1, 0), (4, 2, 3), (3, 0), (2, 4), (2, 0, 1, 3), (3, 1, 2, 0, 4), (4, 0), (0, 1, 4), (3, 0, 4, 2, 1), (3, 2, 0), (4, 3, 2, 0), (3, 0, 2, 4), (4, 3), (1, 3, 0), (2, 1, 3, 4), (3, 2), (0, 4, 2, 1), (4, 1, 0, 3, 2), (4, 2), (2, 4, 0, 1, 3), (1, 2, 3, 4), (0, 3, 1, 2), (3, 4, 1), (0, 3, 2, 1), (1, 0, 4, 2), (2,), (4, 2, 3, 1, 0), (0, 3, 4, 2), (1, 0, 4)]
1((1,), 500.0, 'max', 1.0, (0,), 545.0, 'max', 1.0)
2((1, 3), 5960.0, 'max', 2.0, (1, 4), 6200.0, 'max', 2.0)
3((0, 3, 4), 75155.0, 'max', 3.0, (0, 1, 3), 77780.0, 'max', 3.0)
4((0, 1, 3, 4), 985505.0, 'max', 4.0, (0, 1, 2, 4), 1047185.0, 'max', 4.0)

Modalist: [(4,), (1, 2), (0, 1, 3), (1, 2, 3, 0), (0, 1, 2, 3, 4), (3, 4, 0, 2, 1), (2, 1, 4, 3, 0), (1, 3, 0, 4), (2,), (0, 4, 1, 3, 2), (2, 4), (1,), (2, 4, 3), (0, 2, 3, 1), (4, 3, 2), (2, 1, 4, 3), (0, 2, 3, 4, 1), (4, 1, 0, 3), (0, 1, 4, 2, 3), (4, 2, 3, 1), (4, 1, 3), (1, 0, 4, 3), (3, 2, 0), (0, 1, 3, 4, 2), (1, 4, 0, 3, 2), (2, 4, 3, 1, 0), (4, 3, 2, 1), (1, 3, 2), (2, 0, 3, 4), (0, 2, 1, 3), (3, 0, 1, 2, 4), (2, 3), (1, 4, 2), (4, 1), (3,), (4, 0, 3), (2, 0), (1, 3, 0, 4, 2), (3, 1), (1, 0, 2), (0, 4, 2, 3, 1), (1, 0, 2, 3, 4), (0, 1, 4, 3), (0, 4), (2, 0, 1, 3, 4), (1, 4, 3, 2), (3, 2), (3, 1, 0, 2, 4), (0,), (2, 1, 0, 3, 4)]
1((0,), 515.0, 'max', 1.0, (4,), 560.0, 'max', 1.0)
2((0, 4), 6200.0, 'max', 2.0, (0, 2), 6230.0, 'max', 2.0)
3((0, 2, 4), 74915.0, 'max', 3.0, (0, 1, 4), 85940.0, 'max', 3.0)
4((0, 1, 2, 4), 1109105.0, 'max', 4.0, (0, 2, 3, 4), 1178225.0, 'max', 4.0)

Modalist: [(2,), (4, 1), (1, 0, 4), (2, 3, 4, 1), (2, 0, 1, 4, 3), (0, 1, 2, 3, 4), (2, 0, 3, 1), (0, 2), (3, 2, 4, 0), (0, 2, 4, 3), (4,), (1, 3), (2, 4, 3), (3,), (2, 4, 3, 1, 0), (0, 4, 1, 2), (2, 0), (0, 4), (0, 3, 1, 4), (1, 0, 2), (1, 2), (2, 3), (1, 2, 3), (2, 4), (3, 2, 1, 0), (0, 1), (1,), (3, 2, 1), (2, 0, 4, 3, 1), (2, 3, 1, 0, 4), (3, 4, 2, 0), (3, 0, 2, 1, 4), (2, 4, 0, 3), (0, 1, 3, 2, 4), (4, 3, 2, 1), (2, 1, 4), (4, 2), (4, 0, 2, 1), (4, 0, 2, 3), (0, 1, 4), (1, 2, 3, 0), (3, 2, 0, 4), (2, 4, 1), (0,), (4, 1, 0, 3), (4, 0, 1), (0, 4, 3, 1), (3, 1, 0, 4), (0, 1, 2, 4, 3), (1, 4, 3)]
1((3,), 500.0, 'max', 1.0, (0,), 530.0, 'max', 1.0)
2((0, 3), 5705.0, 'max', 2.0, (1, 3), 5720.0, 'max', 2.0)
3((0, 1, 2), 63410.0, 'max', 3.0, (1, 2, 4), 63890.0, 'max', 3.0)
4((1, 2, 3, 4), 744065.0, 'max', 4.0, (0, 1, 2, 4), 744545.0, 'max', 4.0)

Modalist: [(3,), (1, 0), (1, 0, 2), (0, 4, 1, 2), (1, 3, 2, 4, 0), (2, 0), (2, 4, 0, 1), (2, 1), (3, 0, 4, 2, 1), (0, 2, 1, 4), (1, 3, 2, 0, 4), (4,), (4, 0, 3, 1, 2), (0, 1, 3, 4), (0, 3, 1, 4, 2), (4, 3, 1, 0, 2), (2, 4, 1, 0, 3), (0, 2, 4, 3, 1), (2, 4, 3, 0), (2, 0, 1, 3, 4), (0, 1, 2, 3), (0, 1, 4, 2), (2,), (1, 3, 4, 0, 2), (0, 1, 2, 4, 3), (3, 4), (1, 3, 0, 2, 4), (3, 0, 2, 4), (3, 2, 4, 1, 0), (3, 2, 1, 4), (4, 3, 2), (3, 1, 0, 4), (4, 0, 1, 3, 2), (1, 3, 2, 0), (1, 3, 4), (4, 3, 0), (1, 3, 4, 0), (2, 1, 4, 0, 3), (3, 2, 1, 0), (4, 1, 2, 3, 0), (2, 4, 0, 3, 1), (3, 0, 1), (0, 3), (0, 1), (1, 3), (4, 3), (0, 4, 2, 1, 3), (0,), (0, 4, 3, 1), (0, 2)]
1((2,), 560.0, 'max', 1.0, (4,), 575.0, 'max', 1.0)
2((2, 3), 6740.0, 'max', 2.0, (2, 4), 6935.0, 'max', 2.0)
3((2, 3, 4), 94115.0, 'max', 3.0, (1, 2, 3), 94370.0, 'max', 3.0)
4((1, 2, 3, 4), 1308545.0, 'max', 4.0, (0, 2, 3, 4), 1370240.0, 'max', 4.0)

    Modalist: [(3,), (2, 3), (3, 0, 4), (0, 4, 2, 1), (1, 2, 0, 3, 4), (2, 1, 3, 4, 0), (0, 3, 2, 4, 1), (1, 2), (3, 1, 0, 4), (2, 4, 3), (3, 2, 1, 0), (2, 1, 3, 4), (2, 0, 1), (1,), (4, 2, 3), (1, 0, 2, 3, 4), (4, 0, 2, 3), (1, 0, 3, 4), (4, 2, 3, 1), (2, 0, 3, 4), (4,), (2, 4, 1), (1, 4, 3), (0,), (4, 0, 1), (2, 0, 4), (3, 2, 1, 0, 4), (0, 2), (4, 2, 1, 3, 0), (3, 2, 4), (0, 2, 1, 3, 4), (2, 3, 1, 0), (1, 4, 0), (4, 0, 3, 2), (4, 1, 3, 2, 0), (0, 4, 3), (1, 4, 2), (0, 3, 4), (3, 1, 4, 2, 0), (0, 4), (4, 1, 3, 0, 2), (2, 0), (0, 3, 1, 2), (2, 1), (2, 0, 1, 4), (2, 0, 4, 3), (2, 4, 0), (3, 2, 4, 0, 1), (2,), (4, 2)]
    1((1,), 485.0, 'max', 1.0, (3,), 515.0, 'max', 1.0)
    2((1, 3), 5225.0, 'max', 2.0, (0, 1), 5720.0, 'max', 2.0)
    3((0, 1, 3), 69635.0, 'max', 3.0, (1, 2, 3), 70355.0, 'max', 3.0)
    4((0, 1, 3, 4), 924065.0, 'max', 4.0, (1, 2, 3, 4), 924785.0, 'max', 4.0)

Modalist: [(1,), (1, 3), (4, 0, 1), (1, 4, 3, 0), (3, 2, 4, 0, 1), (2, 3, 0, 4), (2, 1, 3, 0), (1, 2, 4, 0), (3,), (0, 2), (3, 1, 0), (0, 1, 4, 3), (3, 2, 1, 4), (4,), (4, 2, 3), (0, 1, 4, 3, 2), (2, 4), (2, 1, 0, 4, 3), (0, 1), (0, 2, 1, 3), (2, 3, 1, 0), (0, 4, 2), (1, 2, 3, 4), (1, 4, 0, 3), (2, 1), (1, 3, 2), (1, 4, 3, 2), (3, 4, 2, 1, 0), (1, 4, 2, 0, 3), (2, 0), (0,), (0, 3, 2, 1, 4), (2, 4, 0), (4, 2, 0), (1, 4), (0, 2, 4, 1, 3), (3, 0, 4, 2), (4, 0, 1, 3), (4, 3), (0, 1, 2, 3, 4), (1, 2, 0, 4, 3), (0, 4, 3, 2), (4, 3, 2), (3, 2), (3, 2, 0, 4, 1), (4, 3, 2, 1), (4, 1, 0, 2, 3), (0, 1, 2, 4), (2,), (0, 3, 1)]
1((0,), 545.0, 'max', 1.0, (1,), 545.0, 'max', 1.0)
2((1, 2), 6020.0, 'max', 2.0, (0, 3), 6230.0, 'max', 2.0)
3((0, 1, 2), 71315.0, 'max', 3.0, (1, 2, 4), 74930.0, 'max', 3.0)
4((0, 1, 2, 4), 928625.0, 'max', 4.0, (0, 1, 2, 3), 986225.0, 'max', 4.0)

Modalist: [(4,), (1, 0), (2, 1, 4), (3, 0, 1, 4), (1, 3, 2, 0, 4), (1, 3, 4, 2), (0, 2, 4, 1, 3), (3,), (3, 1, 2, 4, 0), (0, 1), (1, 3), (2, 3), (4, 3), (2, 4, 3, 1, 0), (2, 1), (4, 3, 2), (0, 2, 1, 3), (4, 3, 0), (1, 4, 2), (2, 3, 4), (0,), (0, 2, 3, 1, 4), (0, 3), (3, 1, 4), (2, 0, 1, 3, 4), (2,), (1, 4, 2, 3), (1,), (2, 1, 0, 3, 4), (3, 1, 0, 2), (4, 0, 1, 2), (3, 1), (4, 0), (3, 2, 0, 4), (2, 0, 4, 3, 1), (4, 1, 2, 0), (1, 0, 3, 2, 4), (4, 2), (4, 1), (0, 3, 2), (2, 4, 0, 1), (0, 2, 4), (1, 3, 2), (0, 4, 1), (2, 1, 3, 0, 4), (2, 3, 0, 1), (0, 2, 4, 3), (3, 4, 1), (4, 0, 2), (1, 2, 0, 3, 4)]
1((0,), 500.0, 'max', 1.0, (3,), 530.0, 'max', 1.0)
2((0, 3), 5480.0, 'max', 2.0, (0, 1), 5720.0, 'max', 2.0)
3((0, 1, 3), 66275.0, 'max', 3.0, (0, 3, 4), 66515.0, 'max', 3.0)
4((0, 1, 3, 4), 847985.0, 'max', 4.0, (0, 2, 3, 4), 916385.0, 'max', 4.0)

Modalist: [(0,), (1, 4), (1, 0, 3), (3, 0, 4, 1), (3, 0, 4, 1, 2), (4, 2, 1, 3), (1, 4, 2), (1, 4, 0), (1, 0, 4, 3, 2), (2,), (3, 2, 0, 1), (4, 1), (2, 3), (2, 3, 1), (2, 0), (1, 3, 0, 4), (0, 2, 3, 4), (0, 4), (1, 0), (1, 2), (0, 2, 1, 4), (4,), (0, 1, 4, 2), (4, 1, 0, 2, 3), (3, 4, 0, 1, 2), (4, 3, 0), (4, 0, 2, 1), (0, 3, 4), (4, 1, 3, 0, 2), (2, 1, 4, 0), (3, 2, 0), (1,), (3, 4), (0, 3, 4, 2), (4, 0, 1, 2, 3), (3, 0, 1, 2), (0, 2, 3, 1, 4), (3, 2, 1), (4, 3, 1, 2, 0), (3, 1, 4, 0), (3, 0), (3, 0, 4), (2, 3, 4, 1, 0), (1, 0, 2, 4), (0, 3, 4, 2, 1), (4, 2, 0, 1, 3), (3,), (0, 2, 4), (3, 4, 2), (4, 3, 2, 1)]
1((2,), 530.0, 'max', 1.0, (3,), 530.0, 'max', 1.0)
2((1, 3), 5750.0, 'max', 2.0, (2, 3), 5960.0, 'max', 2.0)
3((2, 3, 4), 70835.0, 'max', 3.0, (0, 2, 3), 71060.0, 'max', 3.0)
4((0, 1, 2, 3), 920705.0, 'max', 4.0, (1, 2, 3, 4), 920705.0, 'max', 4.0)

Modalist: [(3,), (3, 0), (2, 1, 0), (3, 0, 1, 4), (4, 2, 0, 1, 3), (0,), (1, 0, 4, 2), (0, 4, 3, 2, 1), (0, 4, 2, 3, 1), (1, 4), (3, 2), (4, 2, 0), (0, 1, 2, 4), (0, 4, 3), (1, 3, 2, 4), (3, 0, 2), (2,), (4, 0, 2, 1, 3), (2, 4, 1, 0), (0, 1), (1, 2), (3, 1), (3, 1, 4, 2), (4, 3), (3, 1, 2), (1, 0, 3, 2), (4, 0, 2), (1,), (0, 3, 4, 2, 1), (2, 1, 4), (2, 0, 3, 4), (2, 0, 3), (3, 4, 1, 0), (2, 1), (3, 4, 2, 1), (0, 2, 1, 3, 4), (2, 1, 3, 4), (0, 1, 4, 2, 3), (1, 3, 2), (1, 2, 0), (1, 0, 2), (3, 0, 1, 2, 4), (4, 0, 1, 3, 2), (4, 0, 3, 2), (4,), (2, 3, 0), (1, 0, 3), (4, 1, 2, 3), (1, 4, 2), (1, 4, 3, 2, 0)]
1((4,), 500.0, 'max', 1.0, (0,), 515.0, 'max', 1.0)
2((0, 4), 5465.0, 'max', 2.0, (3, 4), 5705.0, 'max', 2.0)
3((0, 1, 3), 63170.0, 'max', 3.0, (0, 3, 4), 66020.0, 'max', 3.0)
4((0, 1, 2, 3), 809825.0, 'max', 4.0, (0, 1, 3, 4), 844145.0, 'max', 4.0)

Modalist: [(2,), (1, 3), (0, 4, 3), (1, 2, 3, 4), (4, 3, 2, 0, 1), (4, 3, 0, 2, 1), (2, 0, 4, 3, 1), (4, 0, 1), (0, 3, 4, 1), (1,), (1, 2), (4, 1), (2, 3), (2, 4), (3, 2, 0, 1), (2, 4, 1, 0), (1, 2, 0), (1, 3, 2, 0), (3, 4), (3, 1), (1, 3, 4, 0, 2), (4, 1, 3, 2), (3, 4, 0), (3,), (2, 0, 3, 4), (2, 1, 4, 3), (0, 4, 1, 3, 2), (0, 3, 1, 2, 4), (4, 2, 3), (0, 1, 2), (4,), (3, 0, 2, 4), (0, 2, 3), (3, 0), (4, 3), (3, 1, 2), (2, 1), (4, 2), (0,), (0, 2, 4, 1, 3), (3, 2, 4, 1), (1, 4, 0, 2), (1, 2, 3, 0, 4), (3, 4, 0, 2, 1), (4, 2, 1, 3), (4, 0, 2, 1), (3, 2, 0, 4), (4, 2, 1, 0, 3), (0, 1, 4, 3), (0, 4, 2)]
1((0,), 485.0, 'max', 1.0, (1,), 530.0, 'max', 1.0)
2((0, 1), 5465.0, 'max', 2.0, (0, 3), 5720.0, 'max', 2.0)
3((0, 1, 3), 62900.0, 'max', 3.0, (0, 1, 4), 69875.0, 'max', 3.0)
4((0, 1, 3, 4), 855185.0, 'max', 4.0, (0, 1, 2, 3), 859025.0, 'max', 4.0)

Modalist: [(2,), (0, 3), (2, 1, 4), (3, 0, 1, 2), (1, 4, 3, 2, 0), (1,), (1, 4, 0, 3, 2), (0,), (3, 1, 2, 0), (2, 0, 4), (0, 3, 4, 1, 2), (0, 1, 2, 3, 4), (2, 1, 0), (0, 3, 4), (4, 0, 1), (1, 3, 2), (3, 0, 1, 4, 2), (2, 4), (2, 3, 1, 4, 0), (4, 1), (4, 1, 2, 3), (4,), (1, 4, 2, 0, 3), (3,), (1, 4), (4, 1, 3), (2, 0, 1), (3, 0), (2, 4, 1), (1, 0, 2, 4), (0, 4, 2, 3), (1, 0, 3, 2), (1, 4, 3), (0, 1), (4, 2, 0, 1, 3), (3, 1, 0), (1, 4, 3, 0, 2), (2, 3, 0, 1, 4), (1, 0, 3, 4), (2, 0, 3), (2, 1, 3), (0, 2, 3, 4), (2, 0, 4, 1), (3, 2), (3, 4, 2, 0, 1), (1, 3, 2, 0), (3, 2, 0), (2, 0, 4, 1, 3), (2, 3), (1, 0, 4)]
1((4,), 500.0, 'max', 1.0, (3,), 545.0, 'max', 1.0)
2((3, 4), 5270.0, 'max', 2.0, (0, 4), 5735.0, 'max', 2.0)
3((2, 3, 4), 66755.0, 'max', 3.0, (0, 3, 4), 70130.0, 'max', 3.0)
4((0, 1, 3, 4), 917105.0, 'max', 4.0, (1, 2, 3, 4), 917105.0, 'max', 4.0)

Modalist: [(1,), (3, 2), (3, 4, 2), (2, 4, 0, 3), (2, 1, 3, 0, 4), (4, 1, 2), (4, 2), (4, 1, 0), (1, 3, 0), (1, 4, 0), (3, 4, 1), (1, 0, 3, 4, 2), (2, 0), (0, 1, 3), (0, 1), (0, 3, 4, 2, 1), (4,), (4, 3, 0), (1, 0), (1, 2, 4, 3, 0), (1, 2, 4), (0, 3, 1, 4), (3, 2, 0), (3,), (0, 2, 4, 3), (1, 4, 2, 0), (1, 3, 0, 4), (4, 1), (2, 3, 0, 1, 4), (1, 4), (2, 3), (4, 0, 1, 2), (4, 2, 1), (4, 2, 1, 0, 3), (0, 2, 1, 4, 3), (0, 2, 3, 1), (3, 0, 4), (0, 3, 2), (1, 4, 2), (0, 1, 3, 2), (1, 2, 0, 4), (2, 4, 1, 3), (3, 2, 1, 0), (1, 4, 0, 2), (2,), (4, 3), (0,), (4, 0, 3, 2, 1), (4, 0), (0, 1, 2, 4)]
1((3,), 470.0, 'max', 1.0, (2,), 515.0, 'max', 1.0)
2((1, 3), 4790.0, 'max', 2.0, (3, 4), 5030.0, 'max', 2.0)
3((1, 2, 3), 54755.0, 'max', 3.0, (2, 3, 4), 55220.0, 'max', 3.0)
4((1, 2, 3, 4), 667265.0, 'max', 4.0, (0, 2, 3, 4), 724865.0, 'max', 4.0)

Modalist: [(3,), (2, 4), (4, 3, 0), (3, 1, 2, 0), (0, 3, 4, 1, 2), (3, 4, 1), (2, 3), (2, 4, 3, 0, 1), (0, 3, 4), (4, 3), (3, 1, 0, 4), (1, 2, 3, 4), (4, 1), (1, 4, 0, 3), (4, 1, 0), (0, 3, 1, 2, 4), (4, 1, 2, 3), (1, 3), (0, 4, 2, 3, 1), (4,), (4, 0, 2, 3), (3, 1), (0, 1), (1, 4), (2, 4, 3, 1), (3, 2, 4, 0), (4, 0, 3, 1, 2), (1, 2), (2, 3, 0, 1), (1, 2, 3), (1,), (0, 3, 1), (2, 1), (1, 4, 0), (3, 4, 0, 2, 1), (4, 3, 2, 0), (1, 3, 4, 0), (3, 4, 1, 2, 0), (4, 1, 0, 2), (1, 3, 0), (3, 0), (0, 4), (4, 2, 3), (0,), (2, 0, 3), (1, 3, 0, 2, 4), (2,), (0, 2, 1, 4), (1, 2, 4, 3), (2, 0)]
1((2,), 470.0, 'max', 1.0, (0,), 500.0, 'max', 1.0)
2((0, 2), 4745.0, 'max', 2.0, (2, 4), 5225.0, 'max', 2.0)
3((0, 1, 2), 54515.0, 'max', 3.0, (0, 2, 4), 58100.0, 'max', 3.0)
4((0, 1, 2, 4), 716945.0, 'max', 4.0, (0, 1, 2, 3), 724625.0, 'max', 4.0)

Modalist: [(2,), (1, 3), (0, 4, 3), (3, 0, 2, 1), (4, 0, 3, 1, 2), (4,), (3, 4), (2, 1, 0, 3), (4, 0), (1, 3, 2, 4), (2, 1, 3), (4, 1), (2, 3), (4, 0, 1, 3), (1, 3, 0, 2), (0, 3, 1, 4), (2, 0, 1, 4, 3), (1, 4, 2, 0), (0, 1, 2), (2, 0), (3, 2), (1, 2, 0, 3), (1, 0, 3, 4, 2), (3,), (4, 0, 3), (1, 4), (0, 3), (0, 2), (1, 0, 2, 4), (4, 3, 0), (1,), (1, 2), (3, 4, 0, 2), (1, 3, 4, 2, 0), (3, 1, 0), (2, 1), (3, 4, 1, 2), (0, 3, 4), (4, 1, 2, 0, 3), (0, 1, 3, 2, 4), (1, 3, 0), (1, 2, 0, 4), (2, 0, 1, 4), (2, 4, 3, 0), (2, 3, 1, 0), (4, 3, 2, 1, 0), (0, 4, 3, 1), (0, 1, 4, 3, 2), (3, 1, 2), (4, 2, 0)]
1((4,), 485.0, 'max', 1.0, (2,), 530.0, 'max', 1.0)
2((2, 4), 4790.0, 'max', 2.0, (1, 4), 5255.0, 'max', 2.0)
3((2, 3, 4), 55025.0, 'max', 3.0, (1, 3, 4), 59315.0, 'max', 3.0)
4((1, 2, 3, 4), 725120.0, 'max', 4.0, (0, 2, 3, 4), 736385.0, 'max', 4.0)

Modalist: [(0,), (1, 2), (4, 2, 1), (0, 3, 2, 1), (2, 3, 0, 1, 4), (2, 0, 3), (0, 1, 4), (1, 3), (3, 0, 4, 2, 1), (0, 2, 4, 3), (3, 2, 0, 1, 4), (2, 4, 0, 1, 3), (0, 4, 3, 1, 2), (3, 0, 1, 2, 4), (2, 3, 1, 4, 0), (4, 1, 0), (0, 1), (0, 1, 2, 4, 3), (2, 4, 1), (2,), (3,), (0, 1, 2, 3, 4), (4, 0), (3, 2, 4, 0), (0, 3, 2, 1, 4), (4, 3), (0, 4), (1,), (4, 3, 0, 2), (2, 3, 4, 0, 1), (3, 0, 2), (4, 3, 0, 1, 2), (2, 0, 3, 1, 4), (4,), (2, 1, 4, 3), (2, 1, 3), (3, 0, 4, 1), (0, 2, 1), (4, 0, 2, 1), (4, 2, 0, 1, 3), (1, 4), (1, 3, 2, 0), (4, 1, 0, 3), (4, 3, 2, 1), (3, 0, 1, 4, 2), (0, 4, 1), (3, 1, 2, 0, 4), (3, 1, 0, 2), (3, 0, 4), (0, 3, 4, 1)]
1((2,), 545.0, 'max', 1.0, (3,), 560.0, 'max', 1.0)
2((2, 4), 6485.0, 'max', 2.0, (0, 2), 6950.0, 'max', 2.0)
3((0, 2, 4), 86915.0, 'max', 3.0, (2, 3, 4), 89795.0, 'max', 3.0)
4((0, 1, 2, 4), 1186145.0, 'max', 4.0, (1, 2, 3, 4), 1235825.0, 'max', 4.0)

Modalist: [(1,), (4, 2), (0, 4, 3), (2, 1, 0, 4), (3, 1, 2, 0, 4), (0,), (2, 3, 1), (2, 4, 1), (1, 3, 0, 4), (4, 0, 2, 3, 1), (2, 3, 0), (2, 3, 1, 4), (0, 3, 2, 1), (2,), (3, 0, 4, 2), (2, 0, 4, 3, 1), (0, 4, 3, 1), (3, 2, 0, 1), (0, 1), (3, 4, 2, 0), (3,), (2, 0, 1, 3), (1, 3, 2, 0, 4), (0, 2, 3), (3, 4, 1), (4, 3, 0, 1, 2), (1, 0), (2, 0, 4, 3), (3, 0, 1), (0, 3, 4, 1), (2, 1), (1, 0, 4, 2, 3), (2, 3, 0, 4), (0, 4, 3, 2), (2, 3, 1, 4, 0), (1, 4, 0, 2), (0, 1, 3, 4), (1, 4), (0, 1, 3, 2), (4,), (0, 1, 4), (2, 0, 4), (4, 3, 1, 2, 0), (0, 4, 1), (2, 1, 0, 3), (0, 2, 1, 3, 4), (1, 3), (1, 3, 4), (0, 1, 4, 3), (2, 3, 0, 1)]
1((2,), 515.0, 'max', 1.0, (4,), 530.0, 'max', 1.0)
2((2, 4), 5495.0, 'max', 2.0, (1, 2), 5780.0, 'max', 2.0)
3((1, 2, 4), 59810.0, 'max', 3.0, (2, 3, 4), 67220.0, 'max', 3.0)
4((1, 2, 3, 4), 748385.0, 'max', 4.0, (0, 1, 2, 4), 810065.0, 'max', 4.0)

Modalist: [(0,), (2, 3), (4, 0, 2), (3, 1, 2, 4), (1, 0, 2, 4, 3), (1, 0, 4, 3), (3, 4, 0, 1, 2), (2,), (3, 1, 0), (3, 0, 4, 1, 2), (2, 1, 4, 0), (2, 4, 3), (3, 2, 1, 0), (0, 2, 1, 4), (3, 1, 4), (2, 3, 0), (4, 3, 1, 0, 2), (2, 0), (4, 2, 0, 1, 3), (1, 4, 0, 2, 3), (1, 0), (1, 4, 3), (4,), (3,), (3, 0, 4, 2, 1), (2, 0, 1), (3, 0, 4), (4, 1, 0), (4, 1, 0, 2), (1, 2), (0, 4, 1, 3), (2, 1), (1, 3, 4), (2, 1, 4), (4, 0), (1, 0, 4, 2), (0, 3, 4, 2), (0, 4), (1, 4, 2), (0, 1, 3, 4, 2), (0, 2), (4, 2, 0, 3), (1, 3, 2), (4, 2, 1), (0, 3, 4, 1, 2), (1, 4, 0), (0, 1), (1, 4), (2, 4, 1), (0, 1, 2)]
1((3,), 425.0, 'max', 1.0, (0,), 545.0, 'max', 1.0)
2((0, 3), 4745.0, 'max', 2.0, (2, 3), 4745.0, 'max', 2.0)
3((1, 2, 3), 55220.0, 'max', 3.0, (0, 2, 3), 57890.0, 'max', 3.0)
4((0, 1, 2, 3), 717665.0, 'max', 4.0, (1, 2, 3, 4), 732305.0, 'max', 4.0)

Modalist: [(2,), (0, 3), (4, 0, 2), (4, 2, 1, 3), (0, 1, 2, 3, 4), (1,), (3, 1, 4, 2), (4, 0, 3, 2, 1), (0, 1, 4, 3), (3,), (4, 0, 1, 3, 2), (0, 2, 1, 3, 4), (4, 0, 1), (3, 0, 4, 2), (0, 4, 1, 3, 2), (2, 4), (4, 2, 0, 1, 3), (0, 3, 1, 4), (2, 0, 1, 4), (4, 0), (3, 2, 4), (3, 4, 0, 1), (4, 1, 0, 2), (3, 0, 1, 4, 2), (3, 2, 0, 1), (3, 1, 0), (2, 1), (1, 2), (4, 3, 0, 2, 1), (2, 3), (2, 1, 3, 0, 4), (3, 1), (3, 0, 2), (0,), (0, 3, 4, 1), (2, 3, 0), (3, 0), (0, 1, 3, 2), (1, 3), (0, 3, 4), (4, 2), (0, 4, 1, 2, 3), (1, 4), (2, 1, 4), (4, 3), (1, 3, 0), (0, 2, 4, 1), (2, 4, 1, 3, 0), (0, 3, 4, 1, 2), (2, 0)]
1((2,), 530.0, 'max', 1.0, (4,), 530.0, 'max', 1.0)
2((2, 3), 5765.0, 'max', 2.0, (1, 2), 5975.0, 'max', 2.0)
3((2, 3, 4), 70370.0, 'max', 3.0, (1, 2, 3), 70610.0, 'max', 3.0)
4((0, 2, 3, 4), 920705.0, 'max', 4.0, (1, 2, 3, 4), 970865.0, 'max', 4.0)

Modalist: [(4,), (4, 1), (3, 2, 1), (4, 3, 0, 2), (2, 0, 1, 4, 3), (3, 4, 0), (4, 3), (2, 3), (0, 3, 1, 4), (3,), (2, 3, 4), (3, 2, 4), (4, 1, 3, 2), (0, 1), (2,), (0, 1, 4, 3, 2), (3, 4), (0, 2, 3, 4, 1), (1, 3, 0, 2), (4, 1, 3), (1, 4), (4, 3, 2, 0), (1, 2, 3), (0, 3), (3, 2, 1, 0), (4, 2, 0, 1), (4, 2, 3), (1, 2, 0, 3, 4), (0,), (3, 4, 0, 2, 1), (3, 4, 1, 0, 2), (1, 3, 4, 0), (0, 4, 1), (1, 4, 0, 2), (2, 0, 1, 4), (4, 3, 1), (1,), (1, 2, 0), (1, 0), (0, 2), (2, 4, 0, 3), (2, 1, 3, 0), (0, 4), (4, 3, 2, 0, 1), (2, 0), (2, 1, 0), (2, 1, 4), (3, 2), (3, 1, 0, 2, 4), (4, 2, 3, 0)]
1((1,), 500.0, 'max', 1.0, (0,), 515.0, 'max', 1.0)
2((1, 3), 5030.0, 'max', 2.0, (0, 3), 5270.0, 'max', 2.0)
3((0, 1, 3), 58370.0, 'max', 3.0, (1, 2, 4), 58835.0, 'max', 3.0)
4((1, 2, 3, 4), 674465.0, 'max', 4.0, (0, 1, 3, 4), 721025.0, 'max', 4.0)

Modalist: [(3,), (4, 2), (2, 3, 1), (2, 3, 0, 4), (2, 1, 4, 3, 0), (2, 3), (4,), (2,), (2, 1, 0, 4), (3, 0, 2, 4), (2, 1), (0, 1, 4, 3, 2), (3, 0, 2), (0, 4, 3, 1, 2), (1,), (0, 3, 4, 1), (3, 2, 1, 4, 0), (4, 0), (0, 3, 2, 4), (1, 4), (1, 3), (3, 1, 4), (0, 4), (3, 1, 0, 4, 2), (0, 3, 1), (0,), (2, 3, 0, 1, 4), (2, 0), (4, 2, 0, 1), (4, 1, 2, 0), (4, 3, 0, 1), (4, 0, 3, 2), (3, 4, 2), (4, 2, 3, 0), (3, 0, 1, 2), (1, 3, 0, 2, 4), (3, 4), (4, 2, 0, 3), (1, 3, 4, 0), (4, 3, 0, 2, 1), (3, 4, 0), (4, 2, 0), (1, 0), (0, 3, 1, 2, 4), (2, 4), (3, 0, 4, 2, 1), (0, 3, 2, 1, 4), (2, 1, 3), (0, 4, 1, 2), (4, 1, 2, 3, 0)]
1((1,), 485.0, 'max', 1.0, (3,), 545.0, 'max', 1.0)
2((1, 2), 5495.0, 'max', 2.0, (1, 3), 5705.0, 'max', 2.0)
3((1, 2, 3), 66740.0, 'max', 3.0, (1, 3, 4), 70595.0, 'max', 3.0)
4((1, 2, 3, 4), 863105.0, 'max', 4.0, (0, 1, 2, 3), 924065.0, 'max', 4.0)

Modalist: [(0,), (3, 1), (3, 0, 1), (4, 2, 0, 1), (0, 4, 1, 2, 3), (2, 4, 0), (2, 4, 0, 1, 3), (1,), (0, 2, 1, 3), (4, 0, 3, 1, 2), (0, 4, 3, 2), (2,), (3,), (4, 1, 2, 0, 3), (4, 0, 2, 3, 1), (3, 0), (3, 4, 1, 2), (0, 2, 4, 1, 3), (4, 0), (0, 1), (4, 2, 0, 3, 1), (0, 1, 3, 4, 2), (0, 4, 3, 2, 1), (1, 3, 2, 0), (1, 3, 4, 0), (0, 2, 1), (4,), (1, 4), (4, 1), (0, 3, 1), (2, 1, 0, 4, 3), (1, 2, 4, 0, 3), (0, 2), (3, 1, 4), (0, 4, 1, 2), (4, 3, 1, 2, 0), (3, 0, 2, 1), (2, 4, 0, 1), (3, 2, 1, 0, 4), (3, 0, 4), (1, 2), (1, 3, 2), (2, 3, 0), (2, 3), (0, 4), (4, 2, 1, 0, 3), (4, 1, 3, 0), (3, 1, 4, 2), (2, 0, 1, 4, 3), (4, 0, 1, 2, 3)]
1((4,), 530.0, 'max', 1.0, (2,), 545.0, 'max', 1.0)
2((2, 4), 6200.0, 'max', 2.0, (3, 4), 6215.0, 'max', 2.0)
3((2, 3, 4), 81635.0, 'max', 3.0, (0, 3, 4), 86195.0, 'max', 3.0)
4((0, 2, 3, 4), 1170065.0, 'max', 4.0, (1, 2, 3, 4), 1227665.0, 'max', 4.0)

Modalist: [(0,), (4, 2), (0, 2, 3), (4, 1, 2, 0), (4, 3, 2, 1, 0), (0, 1, 2, 3, 4), (2,), (4,), (0, 3, 1, 4), (0, 3, 4, 1, 2), (4, 1, 0), (2, 0), (1, 2), (3,), (1, 4, 2, 0), (4, 3, 1, 0, 2), (0, 4, 1, 2, 3), (3, 2, 4), (2, 3, 1), (1, 0, 2), (0, 4, 3, 2, 1), (2, 4, 3), (0, 2, 1, 3, 4), (4, 1), (2, 1, 3, 0, 4), (1, 3, 4, 0), (4, 3, 2, 0, 1), (2, 0, 1, 3, 4), (3, 0, 2, 1), (0, 3, 4), (4, 2, 0, 1), (1, 2, 3, 4, 0), (1, 0), (1, 4, 2), (1, 3), (0, 1, 4, 2, 3), (0, 1), (3, 0), (0, 3), (2, 4, 3, 1, 0), (3, 1, 0, 4), (0, 3, 2, 1), (3, 1, 0, 4, 2), (0, 3, 4, 2, 1), (0, 1, 4, 3, 2), (4, 2, 1), (2, 3, 4), (0, 1, 3), (1,), (3, 0, 1)]
1((4,), 530.0, 'max', 1.0, (2,), 545.0, 'max', 1.0)
2((3, 4), 6200.0, 'max', 2.0, (2, 3), 6215.0, 'max', 2.0)
3((2, 3, 4), 81620.0, 'max', 3.0, (0, 2, 4), 82115.0, 'max', 3.0)
4((0, 2, 3, 4), 1104785.0, 'max', 4.0, (1, 2, 3, 4), 1108625.0, 'max', 4.0)

Modalist: [(1,), (2, 4), (1, 3, 4), (1, 0, 3, 2), (2, 3, 0, 4, 1), (1, 0, 4), (2,), (1, 3, 0), (1, 3, 2, 4, 0), (0, 3, 2, 1, 4), (1, 0, 4, 2), (3,), (2, 1, 3), (2, 4, 3, 1), (0, 4, 2, 1, 3), (4, 0, 2), (0,), (3, 2), (4, 2, 1, 0, 3), (0, 3), (4,), (4, 0), (0, 2, 3), (2, 3, 0), (3, 1, 2), (3, 0, 1, 4, 2), (1, 0), (1, 4), (2, 0), (2, 1, 0, 4, 3), (1, 2, 0), (3, 0, 4, 1), (3, 1, 4), (4, 2, 1), (3, 0, 1), (0, 2, 3, 1, 4), (4, 2), (0, 3, 2), (0, 1, 3), (4, 2, 1, 3), (0, 4, 1, 3), (2, 4, 1, 0), (0, 2), (4, 3, 1, 0), (1, 3, 4, 2, 0), (0, 4, 1), (2, 3, 1, 0, 4), (3, 0, 4, 1, 2), (4, 0, 2, 1), (4, 3, 1, 2)]
1((3,), 515.0, 'max', 1.0, (4,), 515.0, 'max', 1.0)
2((3, 4), 5255.0, 'max', 2.0, (2, 3), 5720.0, 'max', 2.0)
3((2, 3, 4), 62435.0, 'max', 3.0, (0, 3, 4), 62690.0, 'max', 3.0)
4((0, 2, 3, 4), 782945.0, 'max', 4.0, (0, 1, 2, 3), 863105.0, 'max', 4.0)

Modalist: [(4,), (2, 0), (1, 4, 0), (0, 1, 3, 4), (1, 0, 3, 2, 4), (1, 2), (0, 3, 4, 1), (0, 2, 3), (2, 0, 1, 4, 3), (0, 4, 2, 1, 3), (4, 0, 2, 3, 1), (0, 4, 2), (1,), (1, 0, 2, 4, 3), (4, 3, 1), (0,), (3, 1, 4), (2, 0, 3, 4, 1), (0, 2), (0, 1, 4, 3), (4, 1, 0, 2, 3), (1, 3), (3,), (0, 1), (1, 0), (0, 4), (3, 2, 1), (0, 1, 4), (4, 2, 1), (4, 0, 1, 2), (0, 3, 1, 4), (3, 4), (1, 4, 3, 0), (1, 4, 3), (2, 0, 3), (4, 3, 2, 0), (3, 2, 0), (1, 4, 0, 3, 2), (4, 2), (3, 4, 2), (0, 2, 3, 4), (1, 2, 3, 0, 4), (2, 1, 0, 4), (2, 4, 3, 1), (3, 0, 4, 2, 1), (0, 2, 1, 3), (4, 2, 0), (1, 4, 3, 2, 0), (3, 4, 0, 1), (4, 0)]
1((2,), 485.0, 'max', 1.0, (3,), 530.0, 'max', 1.0)
2((1, 2), 5030.0, 'max', 2.0, (2, 3), 5465.0, 'max', 2.0)
3((1, 2, 3), 62660.0, 'max', 3.0, (0, 1, 2), 63395.0, 'max', 3.0)
4((0, 1, 2, 3), 851825.0, 'max', 4.0, (1, 2, 3, 4), 859025.0, 'max', 4.0)

Modalist: [(1,), (0, 2), (3, 4, 2), (4, 3, 1, 2), (3, 0, 1, 4, 2), (4,), (1, 3), (1, 2, 3), (4, 2, 1), (0,), (2, 4, 3, 1), (3, 0), (1, 4, 3, 0), (1, 0, 2, 3), (1, 2), (1, 0, 3, 2, 4), (0, 4, 3), (0, 2, 1, 4), (4, 0), (4, 1, 2), (3, 4, 1), (3, 2, 1, 0), (2, 0, 3), (0, 3, 1), (3, 1, 4, 0, 2), (0, 3, 2), (1, 2, 4, 3), (3,), (0, 4, 2), (3, 2), (2, 3, 4), (4, 1, 2, 3), (2, 1, 4, 3), (2, 0, 4, 1), (0, 1), (2, 3, 1, 0, 4), (3, 1, 4), (2, 4, 3), (0, 3), (1, 3, 0, 4, 2), (4, 2, 0, 3, 1), (0, 1, 4, 2, 3), (3, 4, 1, 2), (0, 4), (1, 0), (0, 2, 1), (2,), (1, 0, 2, 3, 4), (1, 2, 4, 0, 3), (3, 1, 2, 4)]
1((0,), 470.0, 'max', 1.0, (4,), 515.0, 'max', 1.0)
2((0, 4), 4535.0, 'max', 2.0, (0, 1), 5015.0, 'max', 2.0)
3((0, 3, 4), 51395.0, 'max', 3.0, (0, 1, 4), 54755.0, 'max', 3.0)
4((0, 2, 3, 4), 671105.0, 'max', 4.0, (0, 1, 3, 4), 721265.0, 'max', 4.0)

Modalist: [(1,), (2, 0), (3, 0, 2), (0, 3, 2, 1), (2, 0, 4, 3, 1), (1, 2, 4), (2, 3), (3, 1, 4), (0, 1, 4), (4, 1, 2, 3, 0), (0, 3, 2), (0, 3, 4), (0, 4), (0, 1, 4, 3), (4, 1), (0, 3, 4, 2, 1), (2,), (2, 3, 0), (3, 0, 1), (4, 3, 1, 2), (1, 4, 2, 3, 0), (4, 1, 2), (3, 0, 2, 1), (3, 1, 2, 4, 0), (0, 1, 2), (0, 3, 1, 2, 4), (4, 2, 0, 1, 3), (0,), (1, 3, 0, 2, 4), (0, 4, 2), (2, 1, 0, 3, 4), (3, 1), (0, 2), (1, 3, 4, 0), (4, 0, 3, 1, 2), (3,), (4,), (1, 3), (4, 1, 0, 2), (3, 4, 2, 1, 0), (2, 1, 0, 4, 3), (4, 3, 1, 0, 2), (4, 1, 3, 0, 2), (0, 3), (2, 4, 0), (1, 0, 3), (1, 4, 0), (3, 1, 0, 2), (4, 3), (3, 1, 0)]
1((4,), 500.0, 'max', 1.0, (2,), 515.0, 'max', 1.0)
2((2, 4), 5465.0, 'max', 2.0, (3, 4), 5510.0, 'max', 2.0)
3((2, 3, 4), 66050.0, 'max', 3.0, (0, 2, 4), 74420.0, 'max', 3.0)
4((0, 2, 3, 4), 974705.0, 'max', 4.0, (1, 2, 3, 4), 1024385.0, 'max', 4.0)

Modalist: [(2,), (3, 4), (1, 3, 0), (4, 1, 2, 3), (2, 0, 1, 3, 4), (2, 3, 1, 4), (4, 0), (0, 1, 3), (4, 1), (3, 2), (4,), (0,), (0, 1, 4), (1, 4, 2, 3), (2, 3), (3, 1, 2), (1,), (4, 3, 2, 1), (2, 4, 1, 3, 0), (3, 2, 4, 1), (3, 0, 4, 1, 2), (3,), (0, 1), (3, 1, 2, 4, 0), (1, 3, 4, 0), (4, 1, 0), (2, 1, 3), (2, 0, 3, 4, 1), (4, 2, 3, 0), (4, 2), (2, 1, 4, 3), (1, 4, 0, 3, 2), (0, 2, 1, 4), (3, 4, 2, 0), (0, 4, 2, 3), (4, 1, 2, 0, 3), (2, 3, 0, 4), (2, 3, 1), (1, 0, 2, 3, 4), (0, 4, 3, 1), (2, 1, 3, 0), (1, 3, 0, 4, 2), (0, 3), (0, 3, 1), (4, 3, 0, 2, 1), (4, 2, 0, 3), (2, 1), (2, 4, 1), (0, 2, 4), (4, 0, 2)]
1((0,), 500.0, 'max', 1.0, (1,), 545.0, 'max', 1.0)
2((0, 2), 5285.0, 'max', 2.0, (0, 1), 5495.0, 'max', 2.0)
3((0, 1, 2), 55955.0, 'max', 3.0, (0, 1, 4), 66980.0, 'max', 3.0)
4((0, 1, 2, 4), 801665.0, 'max', 4.0, (0, 1, 2, 3), 805505.0, 'max', 4.0)

Modalist: [(3,), (3, 0), (4, 0, 2), (3, 1, 0, 2), (2, 0, 3, 4, 1), (3, 4, 0, 1, 2), (0, 2, 1, 3), (1, 2, 0, 4, 3), (2, 0, 3), (4, 0, 3, 1, 2), (0,), (1, 4, 2, 3, 0), (0, 2), (2, 3, 0, 4, 1), (1, 0, 2, 3), (0, 4, 2, 1, 3), (4, 1, 3, 2), (1, 0), (1, 2), (4, 2, 3, 1, 0), (0, 3, 2), (2, 1, 0), (4, 1, 0), (4, 0, 2, 1, 3), (0, 1, 2), (2, 4, 0, 1), (4, 2, 0, 3, 1), (1, 4, 0, 2), (1, 3, 2), (2, 0, 1), (3, 4), (0, 1, 3), (1, 3, 4), (3, 4, 2, 0), (2, 1), (0, 4, 3, 2), (1, 4, 2), (1, 4, 3), (0, 4, 3), (0, 4, 1, 2, 3), (4, 3), (0, 3, 1, 2), (2, 4, 3, 0), (2,), (4, 2, 3), (2, 3), (2, 4, 3), (2, 3, 0), (4, 1, 2), (0, 3, 1)]
1((4,), 470.0, 'max', 1.0, (1,), 530.0, 'max', 1.0)
2((1, 4), 5225.0, 'max', 2.0, (0, 4), 5270.0, 'max', 2.0)
3((0, 1, 4), 62675.0, 'max', 3.0, (1, 3, 4), 62675.0, 'max', 3.0)
4((0, 1, 3, 4), 790625.0, 'max', 4.0, (1, 2, 3, 4), 856145.0, 'max', 4.0)

Modalist: [(0,), (2, 0), (0, 3, 1), (3, 4, 0, 1), (0, 2, 1, 3, 4), (4, 1, 0), (1, 3, 2, 4), (4, 1, 3, 0), (3, 2), (2, 3), (2,), (1, 0, 4), (0, 2), (3, 4, 1, 0), (0, 1), (4,), (1, 2, 3), (2, 1, 4, 3), (1,), (0, 3, 2), (3, 1, 2, 4), (3, 0), (1, 0, 3, 4), (1, 3, 2, 4, 0), (1, 2), (2, 0, 3, 4, 1), (2, 3, 0, 1), (0, 3), (1, 3, 4), (1, 3, 0, 2), (3,), (4, 1, 3), (4, 3), (4, 2, 0), (4, 0, 1, 2, 3), (3, 4, 1, 2, 0), (1, 4, 0, 3), (0, 4, 1), (2, 4, 3, 1, 0), (2, 1, 4), (4, 0, 2, 3, 1), (1, 4, 2), (2, 1, 0), (1, 4), (4, 3, 1, 2, 0), (1, 3), (4, 2, 1), (2, 1, 0, 3, 4), (3, 2, 0, 4, 1), (2, 3, 4, 1)]
1((2,), 485.0, 'max', 1.0, (0,), 500.0, 'max', 1.0)
2((0, 2), 4760.0, 'max', 2.0, (2, 4), 5000.0, 'max', 2.0)
3((0, 2, 4), 50675.0, 'max', 3.0, (0, 2, 3), 58355.0, 'max', 3.0)
4((0, 2, 3, 4), 713345.0, 'max', 4.0, (0, 1, 2, 4), 735905.0, 'max', 4.0)

Modalist: [(0,), (2, 4), (1, 3, 0), (2, 0, 1, 4), (3, 0, 2, 1, 4), (2, 1, 0, 3, 4), (1,), (4, 2, 0), (2,), (2, 0, 1), (3,), (3, 0), (0, 4, 2, 1, 3), (0, 1, 4), (4, 1, 2), (3, 0, 4, 1), (2, 0, 4, 1), (3, 0, 1, 4), (0, 2, 4, 1), (1, 0, 4, 2), (1, 3, 0, 2), (4,), (4, 3), (3, 0, 4), (2, 3, 4), (4, 3, 0, 1), (4, 2), (2, 4, 3, 1), (0, 1, 2), (4, 3, 1, 0, 2), (1, 0, 2), (3, 4), (4, 2, 0, 1), (1, 0, 2, 3, 4), (4, 2, 1), (3, 4, 1, 2, 0), (4, 3, 0), (2, 3, 1), (0, 4, 1, 3), (4, 1, 0, 2, 3), (3, 1, 4, 0), (1, 4, 2, 3), (3, 0, 2), (1, 3), (4, 1, 3), (2, 1), (3, 4, 2), (4, 3, 2, 0, 1), (0, 3, 2), (1, 2, 4, 0, 3)]
1((3,), 515.0, 'max', 1.0, (0,), 530.0, 'max', 1.0)
2((2, 3), 4820.0, 'max', 2.0, (0, 3), 5720.0, 'max', 2.0)
3((0, 2, 3), 55250.0, 'max', 3.0, (1, 2, 3), 59330.0, 'max', 3.0)
4((0, 2, 3, 4), 675425.0, 'max', 4.0, (0, 1, 2, 3), 736385.0, 'max', 4.0)

Modalist: [(2,), (1, 3), (4, 2, 3), (0, 3, 4, 2), (1, 3, 4, 2, 0), (0, 4, 3, 2), (0, 1, 4, 3), (4, 0, 3, 2), (3, 4, 0), (0,), (3, 1, 0, 2, 4), (3, 4, 2, 1), (3, 2, 0), (3, 4, 1, 2), (3, 2), (3, 4), (3, 0, 4), (4, 3), (1, 2, 4), (4,), (3, 0, 2, 1), (0, 3, 4), (4, 1, 3, 0), (4, 0), (0, 3, 1, 4), (1, 4, 3, 2, 0), (1, 0, 2, 4), (3, 0, 1), (4, 1, 0, 2), (1, 3, 0, 2), (1, 2, 4, 3, 0), (4, 3, 1, 0, 2), (4, 2, 3, 1, 0), (0, 4), (1, 4), (2, 0, 1, 3), (1, 3, 2, 4, 0), (3, 2, 4, 0, 1), (3, 1, 2, 0), (2, 4), (4, 1, 3, 0, 2), (3, 2, 0, 4, 1), (4, 1, 3, 2), (1,), (3, 0), (2, 0, 4), (3, 2, 0, 1), (0, 4, 3, 1), (0, 1), (4, 0, 2)]
1((1,), 500.0, 'max', 1.0, (2,), 515.0, 'max', 1.0)
2((1, 2), 5690.0, 'max', 2.0, (1, 4), 5765.0, 'max', 2.0)
3((1, 2, 4), 70130.0, 'max', 3.0, (0, 1, 4), 71330.0, 'max', 3.0)
4((0, 1, 2, 4), 863120.0, 'max', 4.0, (1, 2, 3, 4), 920945.0, 'max', 4.0)

Modalist: [(3,), (3, 0), (4, 0, 3), (0, 3, 4, 2), (3, 1, 2, 0, 4), (3, 0, 2, 1, 4), (4, 1, 0, 3, 2), (0,), (2,), (1, 0, 2), (1, 0), (1, 2, 0, 4, 3), (0, 3, 2, 4), (2, 4, 1, 3, 0), (1, 0, 4, 3, 2), (3, 1, 0), (4, 3, 1), (3, 2), (3, 1, 4, 0, 2), (3, 4, 1), (4, 1, 2, 3, 0), (1, 0, 2, 4), (3, 2, 0, 1), (3, 0, 1, 4, 2), (3, 0, 4, 1, 2), (1, 4), (0, 3, 1), (3, 4, 2, 0, 1), (2, 0, 3, 4, 1), (1, 3, 2, 0, 4), (2, 0, 3, 4), (4, 0), (4, 3), (3, 2, 4, 0, 1), (0, 4, 1), (1, 4, 2, 3, 0), (1, 2), (1, 3, 4, 2, 0), (2, 1, 0, 3, 4), (1,), (3, 2, 1, 4, 0), (3, 4), (0, 1, 3), (0, 2, 4), (4, 0, 2), (2, 4), (2, 1, 3, 4), (0, 4, 1, 3), (3, 1, 4, 0), (1, 3, 0)]
1((2,), 515.0, 'max', 1.0, (1,), 575.0, 'max', 1.0)
2((1, 2), 6215.0, 'max', 2.0, (2, 3), 6470.0, 'max', 2.0)
3((1, 2, 4), 85955.0, 'max', 3.0, (1, 2, 3), 85970.0, 'max', 3.0)
4((1, 2, 3, 4), 1285985.0, 'max', 4.0, (0, 1, 2, 4), 1293425.0, 'max', 4.0)

Modalist: [(4,), (3, 2), (3, 1, 2), (3, 1, 4, 0), (3, 4, 0, 1, 2), (3, 0, 2), (0, 1, 3, 2, 4), (0, 1, 3, 4), (2, 1, 0), (2, 4, 1, 3, 0), (1,), (3, 2, 1), (1, 4, 2, 0, 3), (4, 3), (0,), (3, 4, 2, 1, 0), (0, 4), (1, 4), (3, 2, 1, 0), (2, 3, 1, 0, 4), (3, 1, 4), (4, 0, 2, 1, 3), (2, 0, 1, 4), (0, 3, 4), (2, 3, 0, 1, 4), (2, 1, 0, 3, 4), (4, 3, 1), (0, 1, 4, 2), (1, 2, 0, 3, 4), (1, 2), (2, 3, 0, 4, 1), (1, 0, 2, 4), (1, 3, 2), (3, 1, 0, 4, 2), (4, 1, 3, 0), (0, 3), (1, 3, 2, 4, 0), (3,), (2, 1, 3), (0, 3, 4, 2, 1), (1, 4, 0, 3, 2), (0, 2, 1, 3, 4), (0, 2, 1), (2, 1), (0, 2, 4), (2, 4, 1), (3, 1), (2, 1, 3, 0, 4), (3, 0, 4, 2), (2, 0)]
1((4,), 545.0, 'max', 1.0, (0,), 560.0, 'max', 1.0)
2((2, 4), 6245.0, 'max', 2.0, (3, 4), 6695.0, 'max', 2.0)
3((2, 3, 4), 78770.0, 'max', 3.0, (0, 2, 3), 86435.0, 'max', 3.0)
4((1, 2, 3, 4), 1178465.0, 'max', 4.0, (0, 2, 3, 4), 1224305.0, 'max', 4.0)

Modalist: [(1,), (3, 2), (1, 4, 0), (4, 3, 1, 0), (3, 0, 4, 1, 2), (4,), (1, 2, 0, 4, 3), (0, 2), (4, 1, 3, 0), (2, 1, 3), (3, 0, 4, 1), (2, 0, 3, 1, 4), (4, 0, 3), (4, 1, 0, 3), (0, 2, 4, 3, 1), (0, 1, 3, 2), (2, 1, 3, 0, 4), (0, 3), (2,), (3, 1, 2, 4), (3,), (1, 4, 2, 3, 0), (1, 0), (1, 2, 4, 0, 3), (1, 4, 2, 0, 3), (0, 3, 4, 2), (0, 3, 4), (3, 1), (2, 0), (3, 2, 0), (3, 1, 2), (1, 3, 4, 0, 2), (1, 3), (2, 4, 1), (1, 4), (1, 3, 4, 2), (1, 2, 4), (0, 3, 4, 2, 1), (0,), (3, 4, 2, 1), (2, 1, 0, 3, 4), (3, 4, 0, 2, 1), (4, 0, 1, 2), (2, 1), (0, 4, 2), (4, 3, 1, 0, 2), (0, 1, 4), (1, 2), (1, 3, 2, 4), (3, 0, 1, 4, 2)]
1((0,), 530.0, 'max', 1.0, (2,), 545.0, 'max', 1.0)
2((0, 2), 5750.0, 'max', 2.0, (2, 4), 6215.0, 'max', 2.0)
3((0, 1, 2), 71330.0, 'max', 3.0, (0, 2, 4), 74420.0, 'max', 3.0)
4((0, 1, 2, 3), 1040465.0, 'max', 4.0, (0, 2, 3, 4), 1043105.0, 'max', 4.0)

Modalist: [(0,), (4, 1), (1, 4, 0), (2, 0, 3, 1), (2, 1, 4, 0, 3), (4, 2), (2,), (0, 4, 1), (2, 1, 0, 3, 4), (1, 2, 3, 4, 0), (3, 1, 2), (2, 1), (4, 2, 3), (1, 0, 3), (3,), (2, 3), (3, 2, 4, 1), (0, 3), (1, 3), (4, 0, 2, 3, 1), (4, 1, 0, 2, 3), (1, 4, 0, 2), (1, 4, 2), (4, 0), (4, 2, 3, 1, 0), (4, 1, 2), (3, 1, 0, 4), (1, 4, 2, 3, 0), (2, 3, 4, 1, 0), (1, 3, 2, 4), (1, 0, 2, 3), (1, 2), (0, 3, 2, 1), (1,), (1, 4, 3, 2, 0), (4, 3, 0, 1), (1, 0, 3, 2), (1, 2, 3, 0, 4), (1, 2, 0, 4), (0, 1, 2, 4, 3), (4, 0, 1), (3, 4), (2, 1, 4), (0, 1), (0, 2), (1, 0, 4), (0, 3, 1, 2), (0, 1, 2, 3), (1, 2, 4, 0), (3, 2)]
1((3,), 500.0, 'max', 1.0, (4,), 500.0, 'max', 1.0)
2((3, 4), 4775.0, 'max', 2.0, (0, 3), 5705.0, 'max', 2.0)
3((0, 3, 4), 58580.0, 'max', 3.0, (2, 3, 4), 62435.0, 'max', 3.0)
4((0, 2, 3, 4), 782465.0, 'max', 4.0, (0, 1, 3, 4), 920465.0, 'max', 4.0)

Modalist: [(3,), (3, 2), (3, 2, 4), (3, 4, 1, 2), (3, 4, 1, 0, 2), (0, 2, 4), (2,), (4, 2), (3, 2, 1, 4), (2, 0, 1), (4,), (4, 1, 2, 3), (2, 3, 1, 0), (4, 3), (2, 4, 0, 1), (2, 3, 1), (3, 1, 4, 0, 2), (1,), (1, 3, 2, 4), (3, 2, 0, 4), (0, 1, 2, 4), (0, 1, 2), (3, 1, 4, 0), (4, 1, 3), (3, 2, 0, 1, 4), (4, 1, 2, 3, 0), (4, 0), (0, 1), (2, 4), (3, 0), (1, 0, 2), (3, 0, 2, 4), (0, 2, 3), (1, 2, 0, 4, 3), (1, 4, 2, 0, 3), (3, 4), (3, 4, 1), (3, 0, 2, 1), (4, 2, 3, 0, 1), (2, 1, 0, 3), (1, 3, 4, 2), (3, 4, 2, 1), (0, 4), (1, 0, 4, 2, 3), (2, 0, 3, 4), (0, 2, 1, 4), (2, 1, 3), (0,), (1, 3, 2, 0, 4), (1, 4)]
1((0,), 485.0, 'max', 1.0, (1,), 530.0, 'max', 1.0)
2((0, 3), 5030.0, 'max', 2.0, (0, 4), 5270.0, 'max', 2.0)
3((0, 1, 3), 59060.0, 'max', 3.0, (0, 1, 4), 59075.0, 'max', 3.0)
4((0, 1, 3, 4), 728945.0, 'max', 4.0, (0, 2, 3, 4), 855905.0, 'max', 4.0)

Modalist: [(1,), (2, 3), (3, 0, 2), (1, 4, 2, 3), (3, 0, 2, 1, 4), (1, 2), (1, 4), (2,), (4, 3, 0, 2), (3, 4, 0), (1, 3, 4, 2, 0), (0, 4, 2), (1, 0, 3, 4, 2), (1, 0, 4), (3,), (3, 0), (3, 1, 4, 2, 0), (4, 1, 3, 0, 2), (1, 3, 0), (4, 2), (2, 3, 0, 4), (2, 1, 3, 0, 4), (4, 2, 3), (0, 2), (4, 0, 2), (4,), (0,), (4, 3, 2, 1), (4, 3, 1, 2), (4, 2, 3, 1), (2, 0), (4, 3), (1, 4, 2, 0), (4, 3, 1, 0), (2, 1, 0, 4, 3), (4, 2, 1), (1, 0, 4, 3), (4, 3, 2), (4, 2, 1, 3, 0), (2, 4), (3, 2, 4, 1), (2, 4, 3), (0, 4), (0, 3, 1), (3, 2, 1, 0), (3, 4, 2), (1, 3, 4, 0, 2), (0, 3, 4, 2), (0, 1, 4), (3, 1, 2, 0, 4)]
1((1,), 455.0, 'max', 1.0, (0,), 500.0, 'max', 1.0)
2((0, 1), 4955.0, 'max', 2.0, (1, 2), 5255.0, 'max', 2.0)
3((0, 1, 2), 54755.0, 'max', 3.0, (0, 1, 3), 65300.0, 'max', 3.0)
4((0, 1, 2, 3), 782225.0, 'max', 4.0, (0, 1, 2, 4), 790385.0, 'max', 4.0)

Modalist: [(1,), (3, 4), (2, 1, 4), (1, 4, 2, 0), (4, 1, 3, 2, 0), (1, 4), (1, 4, 2, 3, 0), (3, 4, 1, 0), (1, 0, 3, 4), (3, 4, 0, 2, 1), (0, 2, 1, 4, 3), (0, 2, 3, 4, 1), (2, 0, 4, 3, 1), (4,), (0, 4, 2), (0, 3, 4, 2, 1), (2, 1, 3, 4), (4, 2, 3, 0), (2,), (0, 1, 2, 4, 3), (1, 3, 0), (4, 3, 0, 1, 2), (1, 2), (2, 3, 4, 0, 1), (2, 0, 1, 3, 4), (0,), (1, 0), (4, 3, 0, 1), (2, 4), (4, 2), (3, 0, 1), (3, 1, 0, 2, 4), (0, 2, 3), (2, 1, 3), (3, 1, 4), (2, 0, 4), (4, 3, 1, 0, 2), (3, 1), (3, 2, 4, 1), (2, 0, 3, 1, 4), (3,), (3, 0), (4, 1, 3, 0), (0, 2, 4), (1, 4, 0, 3, 2), (4, 0, 1, 2, 3), (3, 2, 1, 4, 0), (1, 0, 2), (4, 2, 3, 0, 1), (4, 1)]
1((2,), 545.0, 'max', 1.0, (0,), 560.0, 'max', 1.0)
2((2, 3), 6230.0, 'max', 2.0, (0, 2), 6680.0, 'max', 2.0)
3((0, 2, 3), 85940.0, 'max', 3.0, (0, 1, 2), 86435.0, 'max', 3.0)
4((0, 1, 2, 3), 1235345.0, 'max', 4.0, (0, 2, 3, 4), 1292945.0, 'max', 4.0)

Modalist: [(1,), (2, 0), (4, 2, 0), (1, 4, 3, 0), (1, 3, 4, 0, 2), (4, 3, 1, 2), (4, 1, 3), (4, 3, 0, 1, 2), (3, 4, 0, 2, 1), (2, 3, 1, 4), (1, 2, 0, 4), (3, 1, 4, 2), (4, 0), (1, 4, 0, 2, 3), (4, 0, 2, 3, 1), (4,), (3,), (3, 1, 0), (0, 4, 1, 3, 2), (0,), (2, 4), (1, 3, 0, 2, 4), (2, 4, 3, 0, 1), (3, 0, 1, 2, 4), (4, 2, 3, 1, 0), (2, 0, 3), (4, 2, 3, 1), (2, 3, 4), (2,), (1, 4), (2, 4, 0, 3, 1), (0, 4, 2), (2, 1, 0), (0, 3), (0, 2, 3, 4, 1), (4, 0, 3, 1), (1, 4, 2, 3), (0, 2, 4), (3, 2, 0), (3, 2, 4), (2, 3, 0, 4, 1), (0, 3, 2, 1, 4), (1, 4, 0, 2), (4, 0, 3, 2), (4, 2, 3, 0), (3, 1, 2), (0, 1, 3), (0, 4, 2, 3, 1), (4, 1, 2, 0), (3, 4, 0, 2)]
1((1,), 530.0, 'max', 1.0, (0,), 575.0, 'max', 1.0)
2((0, 1), 6230.0, 'max', 2.0, (0, 3), 6725.0, 'max', 2.0)
3((0, 1, 3), 82355.0, 'max', 3.0, (0, 1, 2), 82850.0, 'max', 3.0)
4((0, 1, 2, 3), 1063025.0, 'max', 4.0, (0, 1, 3, 4), 1174625.0, 'max', 4.0)

Modalist: [(1,), (1, 3), (4, 1, 3), (4, 3, 0, 2), (4, 2, 3, 0, 1), (2, 1), (3, 4, 0, 2, 1), (0, 3), (0, 4, 2, 1, 3), (2, 4, 3, 1, 0), (4, 0, 3), (3, 0, 4, 1), (0, 2), (4, 1, 2, 3), (2, 1, 0), (0, 3, 1, 2), (0,), (1, 2, 3, 0, 4), (4, 2, 1, 0), (1, 3, 4, 2, 0), (0, 2, 4, 1), (3, 0, 2, 1, 4), (3, 1, 2, 0, 4), (0, 4), (3, 1, 0, 2), (2,), (3, 2, 4, 1), (2, 1, 0, 4), (3, 2, 0, 1), (0, 4, 1), (3, 4, 0, 1), (2, 4), (3, 1), (4, 0, 1), (0, 4, 2), (0, 3, 2), (3, 2, 1, 0, 4), (4,), (2, 3, 0), (4, 0, 3, 2, 1), (1, 2, 4, 3, 0), (4, 2, 3, 0), (2, 3, 1, 4), (3, 4, 0, 1, 2), (4, 2, 3), (3,), (1, 2), (0, 2, 1), (3, 1, 2, 4, 0), (2, 0)]
1((3,), 530.0, 'max', 1.0, (4,), 530.0, 'max', 1.0)
2((3, 4), 6185.0, 'max', 2.0, (1, 3), 6440.0, 'max', 2.0)
3((0, 3, 4), 78500.0, 'max', 3.0, (0, 1, 3), 78755.0, 'max', 3.0)
4((0, 1, 3, 4), 1047185.0, 'max', 4.0, (0, 2, 3, 4), 1051265.0, 'max', 4.0)

Modalist: [(1,), (2, 3), (1, 0, 2), (3, 0, 2, 1), (3, 2, 0, 1, 4), (2, 4, 3), (0, 2), (3, 4, 1, 0), (4, 3, 2, 0, 1), (1, 3, 2, 4, 0), (1, 2, 0, 4), (3,), (2, 3, 0), (2, 3, 0, 1, 4), (3, 0), (4, 2), (2, 1), (0, 4, 1), (1, 4), (2, 4, 0), (3, 1, 0, 4, 2), (3, 4, 0, 1, 2), (1, 3), (2, 4, 0, 3, 1), (4, 2, 0, 1, 3), (0,), (4, 3, 2), (0, 1), (2, 3, 4, 1), (4, 2, 3, 1, 0), (4, 3), (2, 4, 1), (1, 2, 0), (1, 0, 4), (4,), (2,), (2, 0, 3, 4, 1), (3, 0, 1, 2), (1, 3, 2, 0, 4), (0, 1, 2), (4, 0), (2, 1, 4), (1, 0, 2, 4, 3), (3, 0, 1, 2, 4), (4, 2, 0, 3, 1), (4, 3, 0, 1, 2), (3, 4, 2, 1), (3, 1, 4, 2), (4, 1, 2, 3), (4, 1, 2)]
1((3,), 500.0, 'max', 1.0, (0,), 515.0, 'max', 1.0)
2((0, 3), 5465.0, 'max', 2.0, (0, 4), 5750.0, 'max', 2.0)
3((0, 3, 4), 69875.0, 'max', 3.0, (0, 2, 4), 75155.0, 'max', 3.0)
4((0, 2, 3, 4), 1035905.0, 'max', 4.0, (0, 1, 3, 4), 1089665.0, 'max', 4.0)

Modalist: [(0,), (2, 4), (1, 2, 3), (1, 4, 2, 0), (0, 2, 4, 1, 3), (3, 0, 2, 1, 4), (0, 1, 3), (2, 4, 3, 0, 1), (0, 2, 3, 1), (3,), (0, 1), (0, 2, 3), (2, 3, 4, 1), (3, 1, 4, 0), (2, 3, 1, 0), (4,), (1, 3, 4, 0, 2), (0, 4, 1, 2), (2, 4, 1, 0, 3), (0, 3, 2, 1, 4), (4, 1, 2, 0), (1, 2, 0, 3, 4), (3, 1, 2, 4), (2, 0), (3, 4, 0, 1), (2, 1, 3, 0, 4), (1, 0, 3, 4, 2), (0, 3, 1), (3, 0), (2, 1, 0, 4), (4, 1), (3, 1), (1, 0, 4), (1, 4, 0), (2, 0, 4, 1, 3), (0, 2, 3, 1, 4), (3, 4), (4, 0, 2), (1,), (0, 1, 3, 4), (3, 0, 4), (1, 3, 2, 0), (3, 2, 0), (1, 3, 0, 4, 2), (2, 3, 4, 1, 0), (2, 3, 4, 0, 1), (2, 0, 4, 1), (4, 2, 3), (3, 1, 2, 4, 0), (2, 1, 4)]
1((2,), 545.0, 'max', 1.0, (3,), 560.0, 'max', 1.0)
2((3, 4), 6260.0, 'max', 2.0, (2, 3), 6455.0, 'max', 2.0)
3((2, 3, 4), 78755.0, 'max', 3.0, (0, 3, 4), 83105.0, 'max', 3.0)
4((0, 2, 3, 4), 1059425.0, 'max', 4.0, (1, 2, 3, 4), 1174625.0, 'max', 4.0)

Modalist: [(3,), (2, 3), (1, 3, 4), (3, 0, 4, 2), (3, 0, 4, 1, 2), (4,), (0,), (3, 0, 1, 4, 2), (3, 2), (3, 1, 0, 4), (0, 2, 1, 3), (2, 0), (1, 0), (3, 2, 1, 4, 0), (3, 1, 4, 0), (2,), (0, 2, 4), (3, 4, 0, 1), (1, 4, 0, 2, 3), (2, 4, 0, 3), (0, 2, 4, 3, 1), (0, 4, 3, 1), (0, 2), (4, 3, 0), (2, 1, 3, 0), (2, 3, 0), (3, 1, 4), (3, 2, 0), (0, 4, 1, 2), (2, 4), (1, 3, 4, 0), (4, 2, 0, 3), (2, 1, 4, 0, 3), (0, 3, 2, 4, 1), (3, 4), (3, 2, 0, 4), (4, 1, 3), (4, 1), (2, 0, 1, 4, 3), (4, 0, 2, 3), (1, 4, 2), (4, 1, 0, 2), (4, 1, 0, 3, 2), (1, 0, 3, 4), (0, 2, 3, 4, 1), (1, 4, 0, 3, 2), (1,), (0, 4), (1, 2, 4, 3, 0), (2, 3, 0, 4, 1)]
1((1,), 500.0, 'max', 1.0, (2,), 530.0, 'max', 1.0)
2((1, 2), 5030.0, 'max', 2.0, (2, 4), 6260.0, 'max', 2.0)
3((1, 2, 3), 66995.0, 'max', 3.0, (1, 2, 4), 70610.0, 'max', 3.0)
4((1, 2, 3, 4), 932225.0, 'max', 4.0, (0, 1, 2, 3), 1047425.0, 'max', 4.0)

Modalist: [(4,), (3, 4), (2, 1, 0), (1, 2, 4, 3), (0, 4, 1, 3, 2), (3, 0, 4), (0, 1), (0, 4), (1, 2, 0), (1, 3, 0, 4), (4, 0, 2, 1), (4, 2, 0, 1, 3), (2, 1, 4, 3), (3,), (0, 2, 1, 3), (1, 4, 3, 0), (4, 3), (1,), (3, 1, 0, 4, 2), (1, 0, 3), (2, 0), (3, 4, 0), (0, 4, 3, 1, 2), (0,), (2, 0, 1, 4), (0, 2, 3, 4, 1), (0, 4, 2, 3), (4, 0, 3), (4, 0), (0, 1, 2, 3, 4), (4, 0, 1, 3), (4, 2, 0), (0, 3, 4), (4, 0, 1), (3, 0, 2), (1, 3, 2, 0, 4), (3, 2, 1, 0, 4), (4, 1, 0), (1, 4), (0, 3), (2,), (2, 0, 3, 1), (3, 2, 4), (2, 4), (0, 3, 4, 2), (3, 2), (2, 4, 1), (4, 3, 1, 2, 0), (2, 4, 3, 1, 0), (3, 2, 1, 0)]
1((1,), 485.0, 'max', 1.0, (2,), 485.0, 'max', 1.0)
2((1, 3), 5240.0, 'max', 2.0, (1, 2), 5420.0, 'max', 2.0)
3((1, 2, 3), 65300.0, 'max', 3.0, (1, 2, 4), 65795.0, 'max', 3.0)
4((1, 2, 3, 4), 839825.0, 'max', 4.0, (0, 1, 2, 4), 855425.0, 'max', 4.0)

Modalist: [(0,), (3, 0), (1, 2, 4), (3, 2, 1, 0), (1, 0, 2, 4, 3), (3, 0, 4, 2, 1), (1, 4, 2, 0, 3), (3, 4, 1), (3, 4, 2, 1), (4, 2, 1, 0, 3), (0, 4, 3, 2), (1,), (2,), (1, 2, 3), (3, 2), (4, 3), (3,), (1, 0), (4, 2, 0), (3, 0, 4, 1, 2), (3, 1, 2, 4, 0), (1, 4, 2), (3, 4, 0, 1), (4,), (4, 1, 0), (4, 1, 2), (0, 4, 3), (2, 1, 0), (0, 4, 2, 3, 1), (0, 4, 3, 2, 1), (0, 4, 2, 1, 3), (1, 3), (3, 1, 2), (2, 0, 1), (0, 2, 4, 1, 3), (4, 1), (4, 3, 0), (2, 1, 4), (3, 2, 1, 0, 4), (2, 4, 3, 0), (0, 1), (4, 0, 2, 3, 1), (2, 0, 4), (4, 1, 3, 2, 0), (3, 0, 1), (4, 0, 3, 1), (0, 4, 1, 2), (0, 4, 2, 1), (2, 1, 0, 3), (3, 2, 4, 1, 0)]
1((3,), 530.0, 'max', 1.0, (2,), 545.0, 'max', 1.0)
2((2, 3), 5975.0, 'max', 2.0, (3, 4), 6215.0, 'max', 2.0)
3((2, 3, 4), 74660.0, 'max', 3.0, (0, 2, 3), 78035.0, 'max', 3.0)
4((1, 2, 3, 4), 1047665.0, 'max', 4.0, (0, 2, 3, 4), 1097345.0, 'max', 4.0)

Modalist: [(3,), (3, 1), (2, 3, 4), (3, 1, 2, 4), (1, 2, 4, 3, 0), (3, 4, 1, 2), (2,), (2, 3, 0, 4), (1, 4), (3, 0, 4, 1, 2), (1, 3, 2), (3, 4, 2), (1, 4, 2), (3, 0, 1, 2, 4), (2, 4, 3, 1), (0, 4), (3, 4, 1), (4, 3, 0, 1, 2), (1, 3, 4, 0), (4, 3, 2, 0, 1), (2, 0, 3), (0, 3, 2), (1, 3, 2, 4), (2, 1, 4), (1, 3, 0, 4, 2), (2, 0, 4), (2, 0, 4, 1, 3), (0, 2), (2, 1), (3, 1, 2), (0, 4, 3, 1, 2), (1, 2), (2, 0, 1, 3), (1, 3, 0, 2, 4), (4, 2, 1), (2, 3, 1), (1,), (1, 4, 3, 2, 0), (0, 3, 4, 1, 2), (2, 4, 0, 3, 1), (0,), (3, 0, 2, 4, 1), (1, 4, 3, 0, 2), (2, 0, 4, 3, 1), (2, 4), (4,), (4, 0, 1), (0, 4, 1, 2, 3), (4, 1, 3), (0, 4, 3, 2)]
1((0,), 455.0, 'max', 1.0, (3,), 575.0, 'max', 1.0)
2((0, 1), 5270.0, 'max', 2.0, (0, 3), 5930.0, 'max', 2.0)
3((0, 1, 2), 74930.0, 'max', 3.0, (0, 1, 3), 77795.0, 'max', 3.0)
4((0, 1, 2, 4), 1105745.0, 'max', 4.0, (0, 1, 3, 4), 1158785.0, 'max', 4.0)

Modalist: [(4,), (1, 0), (3, 2, 0), (1, 4, 3, 0), (4, 2, 1, 0, 3), (4, 0, 2), (0, 4), (0, 2, 1), (2, 1), (3, 1, 4, 2), (4, 2, 1, 0), (3,), (0, 3, 2, 1, 4), (0, 1, 2), (4, 1, 3, 0, 2), (2,), (4, 2, 3, 1, 0), (4, 0), (3, 4, 0, 1, 2), (1, 0, 3, 2, 4), (4, 0, 1, 2, 3), (3, 1, 4, 0, 2), (0, 4, 1), (0,), (4, 0, 1), (4, 3, 1, 2), (1, 3), (1,), (0, 3, 4, 1), (1, 4), (0, 2, 4), (0, 2, 3), (0, 2, 3, 1, 4), (4, 2), (0, 3, 2, 1), (1, 0, 3, 2), (2, 4), (2, 4, 1, 0, 3), (4, 3), (1, 4, 3, 2, 0), (0, 1, 4, 3, 2), (2, 4, 0), (0, 2, 3, 1), (3, 2, 4, 1, 0), (0, 2, 4, 1, 3), (2, 4, 1), (1, 0, 2, 4, 3), (4, 3, 2), (0, 1, 3, 2), (0, 1, 2, 3, 4)]
1((3,), 500.0, 'max', 1.0, (1,), 575.0, 'max', 1.0)
2((3, 4), 5975.0, 'max', 2.0, (0, 3), 6440.0, 'max', 2.0)
3((0, 3, 4), 78515.0, 'max', 3.0, (2, 3, 4), 82115.0, 'max', 3.0)
4((0, 2, 3, 4), 1112705.0, 'max', 4.0, (0, 1, 2, 4), 1182305.0, 'max', 4.0)

Modalist: [(1,), (0, 1), (0, 4, 1), (1, 3, 4, 2), (3, 2, 1, 0, 4), (3, 1), (3, 0, 2), (3,), (2, 1), (4,), (1, 0, 2), (4, 0), (0,), (0, 4), (4, 1, 2), (3, 1, 2), (2,), (3, 1, 4, 2), (1, 0, 3, 2, 4), (3, 2, 0, 4, 1), (2, 4, 3, 0), (3, 4, 0), (2, 1, 3, 0, 4), (1, 3, 4, 0), (3, 0), (1, 2, 4, 3), (0, 3, 1), (1, 2, 3), (0, 2, 3), (1, 2, 4), (3, 4), (0, 3, 1, 2), (1, 4), (2, 4, 0, 1), (0, 1, 4), (3, 4, 1, 0, 2), (3, 2, 1, 4), (2, 1, 3, 4), (2, 3, 4), (0, 3, 4, 2, 1), (2, 4), (2, 4, 0), (0, 4, 3, 2, 1), (2, 3, 0, 4, 1), (1, 4, 3, 0), (0, 1, 3, 2, 4), (0, 4, 2, 1, 3), (0, 3), (0, 2, 4), (3, 1, 2, 0, 4)]
1((0,), 515.0, 'max', 1.0, (2,), 530.0, 'max', 1.0)
2((0, 2), 5270.0, 'max', 2.0, (0, 1), 5510.0, 'max', 2.0)
3((0, 1, 2), 62915.0, 'max', 3.0, (0, 2, 3), 66275.0, 'max', 3.0)
4((0, 1, 2, 3), 851345.0, 'max', 4.0, (0, 2, 3, 4), 851585.0, 'max', 4.0)

Modalist: [(2,), (2, 1), (4, 0, 1), (2, 1, 0, 3), (2, 0, 3, 1, 4), (4,), (1, 3, 2, 4), (3, 2, 1, 0), (3, 2), (1, 3, 4, 2, 0), (0, 1, 2, 4, 3), (0, 3, 4, 2), (0,), (3, 4, 2, 1, 0), (1, 0), (4, 2, 3, 0), (3, 4, 1), (4, 3), (2, 0), (4, 3, 1, 2, 0), (0, 4, 3, 2, 1), (3,), (0, 3, 1), (4, 1, 0, 2, 3), (3, 4, 0), (2, 4, 3, 0, 1), (1, 2, 4), (1, 4, 3, 0), (1, 0, 3, 2), (1, 4), (3, 2, 0), (2, 1, 4, 0, 3), (3, 1, 2), (1, 4, 3), (0, 4, 2, 1), (0, 1, 3, 2, 4), (1, 0, 3, 4), (4, 2, 0, 1, 3), (2, 4, 0, 3), (1, 4, 0, 3, 2), (2, 3, 0), (3, 0, 4), (4, 3, 2, 0, 1), (4, 0, 3), (2, 4, 0, 1, 3), (4, 0, 2), (1, 2, 0, 3), (0, 4), (0, 3, 1, 4, 2), (3, 1, 4, 0, 2)]
1((1,), 545.0, 'max', 1.0, (2,), 560.0, 'max', 1.0)
2((2, 4), 6260.0, 'max', 2.0, (1, 2), 6680.0, 'max', 2.0)
3((1, 2, 4), 82130.0, 'max', 3.0, (0, 1, 4), 86915.0, 'max', 3.0)
4((0, 1, 2, 4), 1171025.0, 'max', 4.0, (1, 2, 3, 4), 1174625.0, 'max', 4.0)
