
Modalist: [(2,), (4, 0), (2, 1, 3), (1, 4, 0, 3), (4, 1, 2, 0, 3), (2, 4, 0, 1, 3), (1,), (3, 1, 2, 0, 4), (2, 0, 3, 1), (2, 0, 4)]
1((3,), 100.0, 'max', 1.0, (4,), 100.0, 'max', 1.0)
2((3, 4), 1090.0, 'max', 2.0, (1, 4), 1105.0, 'max', 2.0)
3((2, 3, 4), 13345.0, 'max', 3.0, (1, 2, 4), 13360.0, 'max', 3.0)
4((1, 2, 3, 4), 209200.0, 'max', 4.0, (0, 2, 3, 4), 209425.0, 'max', 4.0)

Modalist: [(0,), (0, 1), (1, 3, 4), (2, 1, 0, 4), (0, 1, 2, 3, 4), (2, 0, 4, 1, 3), (2, 4, 1), (3, 0, 1, 2), (2,), (2, 3, 0, 1)]
1((3,), 85.0, 'max', 1.0, (4,), 85.0, 'max', 1.0)
2((3, 4), 835.0, 'max', 2.0, (0, 4), 865.0, 'max', 2.0)
3((0, 3, 4), 9265.0, 'max', 3.0, (2, 3, 4), 9490.0, 'max', 3.0)
4((0, 2, 3, 4), 143920.0, 'max', 4.0, (0, 1, 3, 4), 147985.0, 'max', 4.0)

        Modalist: [(0,), (0, 4), (2, 0, 3), (2, 1, 4, 3), (3, 0, 2, 4, 1), (3, 4, 2, 0), (0, 2, 4, 1), (2, 0), (4, 1), (3, 1, 4, 2, 0)]
        1((1,), 85.0, 'max', 1.0, (3,), 85.0, 'max', 1.0)
        2((1, 3), 835.0, 'max', 2.0, (0, 1), 880.0, 'max', 2.0)
        3((0, 1, 3), 9280.0, 'max', 3.0, (1, 2, 3), 13090.0, 'max', 3.0)
        4((0, 1, 3, 4), 144160.0, 'max', 4.0, (0, 1, 2, 3), 147760.0, 'max', 4.0)

Modalist: [(0,), (2, 1), (0, 2, 3), (4, 3, 0, 2), (3, 0, 4, 1, 2), (0, 4, 2), (0, 3, 1, 4, 2), (3, 2, 4), (0, 3, 4, 1), (3, 1, 4, 0)]
1((1,), 85.0, 'max', 1.0, (2,), 115.0, 'max', 1.0)
2((1, 2), 865.0, 'max', 2.0, (1, 3), 1090.0, 'max', 2.0)
3((1, 2, 3), 9745.0, 'max', 3.0, (1, 2, 4), 9745.0, 'max', 3.0)
4((1, 2, 3, 4), 148225.0, 'max', 4.0, (0, 1, 2, 3), 148240.0, 'max', 4.0)

Modalist: [(2,), (4, 3), (1, 0, 3), (0, 4, 1, 2), (4, 0, 2, 1, 3), (3, 0, 4, 2, 1), (0, 1, 3, 4), (4,), (4, 0), (1,)]
1((2,), 70.0, 'max', 1.0, (3,), 85.0, 'max', 1.0)
2((2, 3), 595.0, 'max', 2.0, (0, 2), 835.0, 'max', 2.0)
3((0, 2, 3), 9010.0, 'max', 3.0, (1, 2, 3), 9010.0, 'max', 3.0)
4((1, 2, 3, 4), 139840.0, 'max', 4.0, (0, 2, 3, 4), 140065.0, 'max', 4.0)

Modalist: [(1,), (2, 4), (0, 2, 4), (4, 2, 1, 3), (2, 0, 3, 4, 1), (4,), (3, 1), (4, 3, 0, 1, 2), (4, 2), (2, 1, 0)]
1((0,), 70.0, 'max', 1.0, (3,), 70.0, 'max', 1.0)
2((0, 3), 580.0, 'max', 2.0, (0, 1), 835.0, 'max', 2.0)
3((0, 3, 4), 8785.0, 'max', 3.0, (0, 1, 3), 8995.0, 'max', 3.0)
4((0, 1, 3, 4), 136000.0, 'max', 4.0, (0, 1, 2, 3), 139825.0, 'max', 4.0)

Modalist: [(2,), (2, 1), (2, 4, 0), (0, 3, 1, 4), (1, 2, 3, 4, 0), (3, 2, 1, 0), (0,), (3,), (0, 3, 4, 1, 2), (3, 2)]
1((4,), 70.0, 'max', 1.0, (1,), 85.0, 'max', 1.0)
2((1, 4), 820.0, 'max', 2.0, (3, 4), 835.0, 'max', 2.0)
3((1, 2, 4), 9250.0, 'max', 3.0, (2, 3, 4), 9265.0, 'max', 3.0)
4((1, 2, 3, 4), 140065.0, 'max', 4.0, (0, 1, 2, 4), 143665.0, 'max', 4.0)

Modalist: [(2,), (3, 1), (3, 0, 1), (1, 4, 2, 0), (0, 2, 4, 3, 1), (4, 1, 3), (3, 0), (3, 2, 1), (3, 1, 0), (0, 2, 1, 4, 3)]
1((4,), 70.0, 'max', 1.0, (2,), 85.0, 'max', 1.0)
2((2, 4), 820.0, 'max', 2.0, (0, 4), 835.0, 'max', 2.0)
3((2, 3, 4), 9040.0, 'max', 3.0, (0, 3, 4), 9505.0, 'max', 3.0)
4((0, 2, 3, 4), 136480.0, 'max', 4.0, (1, 2, 3, 4), 144160.0, 'max', 4.0)

Modalist: [(4,), (0, 4), (1, 3, 2), (2, 0, 1, 4), (3, 2, 0, 1, 4), (0, 3), (4, 2), (2, 0, 1, 3), (1, 2, 0), (3, 4, 1)]
1((3,), 85.0, 'max', 1.0, (0,), 100.0, 'max', 1.0)
2((3, 4), 625.0, 'max', 2.0, (0, 3), 850.0, 'max', 2.0)
3((0, 3, 4), 5440.0, 'max', 3.0, (2, 3, 4), 5440.0, 'max', 3.0)
4((0, 2, 3, 4), 75280.0, 'max', 4.0, (0, 1, 3, 4), 78880.0, 'max', 4.0)

Modalist: [(0,), (2, 0), (1, 2, 4), (1, 4, 2, 3), (3, 2, 4, 1, 0), (0, 1, 3, 4, 2), (0, 1, 2), (4, 1), (3, 2, 0), (2, 0, 3)]
1((3,), 85.0, 'max', 1.0, (4,), 85.0, 'max', 1.0)
2((0, 4), 640.0, 'max', 2.0, (3, 4), 835.0, 'max', 2.0)
3((0, 3, 4), 9040.0, 'max', 3.0, (0, 1, 3), 9280.0, 'max', 3.0)
4((0, 1, 3, 4), 136480.0, 'max', 4.0, (0, 2, 3, 4), 144160.0, 'max', 4.0)

Modalist: [(2,), (3, 2), (4, 0, 1), (2, 0, 4, 1), (4, 1, 3, 0, 2), (1, 2), (3,), (4, 2, 3, 1, 0), (1, 4, 0, 3, 2), (3, 4, 1, 0, 2)]
1((0,), 100.0, 'max', 1.0, (3,), 100.0, 'max', 1.0)
2((0, 3), 1090.0, 'max', 2.0, (3, 4), 1090.0, 'max', 2.0)
3((0, 3, 4), 16930.0, 'max', 3.0, (0, 1, 3), 16945.0, 'max', 3.0)
4((0, 2, 3, 4), 266800.0, 'max', 4.0, (0, 1, 2, 3), 267040.0, 'max', 4.0)

Modalist: [(2,), (0, 2), (0, 3, 1), (2, 4, 3, 1), (0, 2, 3, 4, 1), (4, 3, 1), (1, 2), (3, 4, 1, 0, 2), (3, 1), (4, 3, 0, 2)]
1((0,), 85.0, 'max', 1.0, (4,), 85.0, 'max', 1.0)
2((0, 4), 835.0, 'max', 2.0, (0, 1), 865.0, 'max', 2.0)
3((0, 1, 4), 9265.0, 'max', 3.0, (0, 1, 2), 9520.0, 'max', 3.0)
4((0, 1, 2, 4), 140320.0, 'max', 4.0, (0, 1, 2, 3), 144400.0, 'max', 4.0)

Modalist: [(2,), (0, 3), (0, 3, 1), (0, 3, 2, 1), (3, 1, 2, 0, 4), (4, 0, 2, 3), (1, 4), (2, 3, 1), (4, 1, 2, 3, 0), (3, 2, 1, 4)]
1((4,), 85.0, 'max', 1.0, (0,), 100.0, 'max', 1.0)
2((0, 4), 850.0, 'max', 2.0, (1, 4), 1090.0, 'max', 2.0)
3((0, 1, 4), 9505.0, 'max', 3.0, (0, 2, 4), 12880.0, 'max', 3.0)
4((0, 1, 2, 4), 144160.0, 'max', 4.0, (0, 1, 3, 4), 148225.0, 'max', 4.0)

Modalist: [(2,), (1, 2), (0, 2, 1), (3, 2, 1, 4), (0, 4, 1, 3, 2), (4, 1, 0, 2), (4, 3, 1, 0, 2), (3, 4, 2, 0), (3, 0, 2, 4), (4,)]
1((3,), 85.0, 'max', 1.0, (0,), 100.0, 'max', 1.0)
2((1, 3), 850.0, 'max', 2.0, (0, 3), 1075.0, 'max', 2.0)
3((0, 1, 3), 9490.0, 'max', 3.0, (1, 3, 4), 13105.0, 'max', 3.0)
4((0, 1, 3, 4), 147745.0, 'max', 4.0, (0, 1, 2, 3), 151825.0, 'max', 4.0)

Modalist: [(1,), (1, 2), (0, 3, 4), (3, 1, 0, 2), (1, 2, 0, 3, 4), (2, 0, 3), (4, 3, 2), (4, 3), (4,), (2, 1, 3)]
1((0,), 70.0, 'max', 1.0, (1,), 85.0, 'max', 1.0)
2((1, 4), 385.0, 'max', 2.0, (0, 1), 595.0, 'max', 2.0)
3((0, 1, 4), 4720.0, 'max', 3.0, (0, 2, 4), 5185.0, 'max', 3.0)
4((0, 1, 2, 4), 70960.0, 'max', 4.0, (0, 1, 3, 4), 74800.0, 'max', 4.0)

Modalist: [(1,), (3, 1), (2, 0, 4), (1, 4, 0, 2), (3, 1, 2, 0, 4), (1, 2), (0, 2), (4, 2, 0), (3, 0, 4), (3,)]
1((3,), 70.0, 'max', 1.0, (1,), 85.0, 'max', 1.0)
2((2, 3), 385.0, 'max', 2.0, (1, 3), 595.0, 'max', 2.0)
3((1, 3, 4), 4945.0, 'max', 3.0, (0, 1, 3), 4960.0, 'max', 3.0)
4((1, 2, 3, 4), 70960.0, 'max', 4.0, (0, 1, 2, 3), 71200.0, 'max', 4.0)

Modalist: [(4,), (2, 1), (3, 0, 2), (0, 3, 2, 1), (0, 3, 4, 1, 2), (4, 2, 3, 0), (2, 0, 1, 4), (3,), (2,), (3, 0, 1, 4)]
1((1,), 85.0, 'max', 1.0, (4,), 85.0, 'max', 1.0)
2((1, 4), 835.0, 'max', 2.0, (1, 3), 850.0, 'max', 2.0)
3((1, 3, 4), 9025.0, 'max', 3.0, (1, 2, 4), 9265.0, 'max', 3.0)
4((1, 2, 3, 4), 82480.0, 'max', 4.0, (0, 1, 3, 4), 143665.0, 'max', 4.0)

Modalist: [(0,), (2, 4), (3, 4, 0), (2, 0, 3, 1), (2, 1, 0, 3, 4), (2,), (3, 0, 1, 4), (4, 2, 1), (3,), (0, 4, 3)]
1((1,), 70.0, 'max', 1.0, (2,), 85.0, 'max', 1.0)
2((0, 2), 625.0, 'max', 2.0, (2, 3), 625.0, 'max', 2.0)
3((0, 2, 4), 5665.0, 'max', 3.0, (2, 3, 4), 5665.0, 'max', 3.0)
4((0, 1, 2, 4), 78625.0, 'max', 4.0, (1, 2, 3, 4), 78625.0, 'max', 4.0)

Modalist: [(3,), (3, 2), (0, 3, 2), (1, 3, 4, 0), (4, 0, 1, 3, 2), (0, 1, 3), (1,), (2, 1, 4), (2, 4, 0, 1, 3), (0, 3)]
1((4,), 70.0, 'max', 1.0, (2,), 85.0, 'max', 1.0)
2((2, 4), 820.0, 'max', 2.0, (0, 4), 835.0, 'max', 2.0)
3((0, 2, 4), 9010.0, 'max', 3.0, (0, 1, 2), 9265.0, 'max', 3.0)
4((0, 1, 2, 4), 139825.0, 'max', 4.0, (1, 2, 3, 4), 140080.0, 'max', 4.0)

Modalist: [(4,), (0, 3), (1, 4, 2), (1, 4, 3, 2), (1, 0, 4, 2, 3), (2, 3, 4, 0), (3, 0, 4, 1, 2), (3, 0, 4), (0, 2, 3, 1, 4), (2, 3)]
1((1,), 85.0, 'max', 1.0, (0,), 100.0, 'max', 1.0)
2((0, 1), 850.0, 'max', 2.0, (0, 2), 1105.0, 'max', 2.0)
3((0, 1, 2), 13105.0, 'max', 3.0, (0, 1, 3), 13345.0, 'max', 3.0)
4((0, 1, 2, 3), 205825.0, 'max', 4.0, (0, 1, 2, 4), 209200.0, 'max', 4.0)
