
Modalist: [(0,), (1, 0), (2, 4, 3), (3, 4, 0, 2), (1, 2, 4, 0, 3), (4,), (2,), (4, 0, 3, 2), (2, 3), (2, 0, 4, 3, 1), (1, 3), (1, 2), (2, 4, 1), (0, 4), (2, 4, 1, 0), (3, 2, 0), (4, 0, 1), (4, 0, 1, 3, 2), (3,), (3, 4, 2, 0, 1)]
1((1,), 170.0, 'max', 1.0, (3,), 185.0, 'max', 1.0)
2((1, 3), 1460.0, 'max', 2.0, (0, 1), 1925.0, 'max', 2.0)
3((0, 1, 3), 18290.0, 'max', 3.0, (1, 3, 4), 18290.0, 'max', 3.0)
4((0, 1, 3, 4), 280145.0, 'max', 4.0, (0, 1, 2, 3), 280385.0, 'max', 4.0)

Modalist: [(4,), (3, 4), (3, 2, 4), (2, 1, 3, 4), (4, 2, 0, 1, 3), (1, 4, 3), (0, 3), (0, 4, 3, 2), (1, 2, 3), (2, 0, 4), (3, 1), (4, 3, 0, 2), (4, 1, 3), (1, 0, 2, 4), (1,), (4, 1, 0), (1, 3, 0, 2, 4), (3, 0, 4), (0, 4, 3), (3,)]
1((2,), 155.0, 'max', 1.0, (0,), 170.0, 'max', 1.0)
2((0, 1), 1220.0, 'max', 2.0, (1, 2), 1430.0, 'max', 2.0)
3((0, 1, 3), 11345.0, 'max', 3.0, (0, 1, 2), 13955.0, 'max', 3.0)
4((0, 1, 2, 3), 153905.0, 'max', 4.0, (0, 1, 3, 4), 169520.0, 'max', 4.0)

Modalist: [(2,), (4, 2), (3, 0, 1), (0, 1, 2, 4), (0, 1, 2, 4, 3), (0, 3, 1), (0, 3), (1, 4), (3, 1, 2, 0, 4), (4, 2, 0, 3, 1), (0,), (1, 3, 4), (0, 1, 3), (2, 1, 0, 3, 4), (2, 3, 1, 0, 4), (1, 2), (3, 1), (4,), (0, 4, 2, 1), (2, 1, 0)]
1((2,), 185.0, 'max', 1.0, (3,), 185.0, 'max', 1.0)
2((2, 3), 1475.0, 'max', 2.0, (3, 4), 1700.0, 'max', 2.0)
3((2, 3, 4), 21665.0, 'max', 3.0, (0, 2, 3), 22370.0, 'max', 3.0)
4((0, 2, 3, 4), 337760.0, 'max', 4.0, (1, 2, 3, 4), 342065.0, 'max', 4.0)

Modalist: [(3,), (2, 4), (2, 1, 3), (0, 1, 4, 2), (4, 3, 1, 0, 2), (3, 0), (4, 1, 0, 2, 3), (1, 2, 3, 0, 4), (3, 2, 4, 1), (0, 2, 1, 4), (1, 3), (1, 3, 0), (1, 3, 2, 0, 4), (3, 2, 0, 1), (1, 0, 3, 2, 4), (2, 3), (3, 2), (3, 0, 2, 1), (4, 1), (4, 3, 0, 1, 2)]
1((4,), 185.0, 'max', 1.0, (0,), 200.0, 'max', 1.0)
2((3, 4), 2000.0, 'max', 2.0, (0, 4), 2165.0, 'max', 2.0)
3((0, 3, 4), 26480.0, 'max', 3.0, (1, 3, 4), 30800.0, 'max', 3.0)
4((0, 2, 3, 4), 415280.0, 'max', 4.0, (0, 1, 3, 4), 418880.0, 'max', 4.0)

Modalist: [(3,), (1, 0), (2, 0, 4), (3, 0, 2, 4), (2, 0, 4, 1, 3), (4, 3, 0), (0, 4, 1, 2, 3), (1, 2), (2,), (1, 3), (1,), (0, 2), (3, 1, 4), (4, 3, 2, 1, 0), (1, 2, 3), (3, 4, 1, 2, 0), (4, 2, 3, 0), (3, 1, 0), (4,), (3, 4, 0, 1, 2)]
1((4,), 185.0, 'max', 1.0, (0,), 200.0, 'max', 1.0)
2((1, 4), 1715.0, 'max', 2.0, (0, 1), 1955.0, 'max', 2.0)
3((1, 2, 4), 22145.0, 'max', 3.0, (0, 1, 4), 22370.0, 'max', 3.0)
4((0, 1, 2, 4), 341825.0, 'max', 4.0, (1, 2, 3, 4), 345440.0, 'max', 4.0)

Modalist: [(1,), (0, 2), (3, 2, 4), (0, 4, 3, 1), (0, 4, 1, 2, 3), (4,), (4, 1, 0, 3), (4, 3, 0, 2), (2,), (4, 1), (2, 4), (0,), (0, 4, 1), (1, 2, 3, 0, 4), (1, 0, 3, 4, 2), (0, 1), (2, 3), (0, 1, 4, 2, 3), (1, 3, 4, 0), (3,)]
1((2,), 170.0, 'max', 1.0, (1,), 185.0, 'max', 1.0)
2((1, 2), 1235.0, 'max', 2.0, (0, 2), 1700.0, 'max', 2.0)
3((1, 2, 3), 18050.0, 'max', 3.0, (0, 1, 2), 18290.0, 'max', 3.0)
4((0, 1, 2, 3), 279905.0, 'max', 4.0, (1, 2, 3, 4), 283745.0, 'max', 4.0)

Modalist: [(3,), (3, 2), (2, 3, 4), (2, 0, 1, 3), (4, 3, 1, 0, 2), (0,), (1,), (3, 2, 0, 4), (3, 4), (4,), (3, 0, 2), (3, 4, 0), (1, 2, 3, 4), (2, 3, 4, 0, 1), (4, 2, 1), (0, 2, 4), (0, 1, 4, 2, 3), (3, 0, 4, 1), (4, 0, 1, 3), (3, 2, 4)]
1((1,), 155.0, 'max', 1.0, (0,), 185.0, 'max', 1.0)
2((0, 1), 1670.0, 'max', 2.0, (1, 2), 1685.0, 'max', 2.0)
3((0, 1, 2), 18275.0, 'max', 3.0, (0, 1, 4), 22130.0, 'max', 3.0)
4((0, 1, 2, 4), 226385.0, 'max', 4.0, (0, 1, 2, 3), 284225.0, 'max', 4.0)

Modalist: [(0,), (0, 4), (0, 3, 1), (1, 2, 0, 3), (2, 0, 4, 3, 1), (4, 0, 2, 3), (1,), (3, 1, 0), (4, 0), (2,), (1, 4, 2), (4, 3), (1, 3, 4), (1, 0, 2), (3, 2, 1), (1, 4), (4, 2, 1), (0, 2, 1), (0, 4, 3, 1), (3, 0, 4, 1)]
1((2,), 155.0, 'max', 1.0, (3,), 170.0, 'max', 1.0)
2((2, 3), 1205.0, 'max', 2.0, (2, 4), 1220.0, 'max', 2.0)
3((2, 3, 4), 10370.0, 'max', 3.0, (0, 2, 4), 10625.0, 'max', 3.0)
4((1, 2, 3, 4), 99905.0, 'max', 4.0, (0, 1, 2, 4), 100160.0, 'max', 4.0)

Modalist: [(0,), (2, 0), (2, 0, 3), (4, 2, 3, 1), (2, 4, 1, 0, 3), (4, 0, 1, 2), (3, 4, 0), (3, 0, 4, 2, 1), (1,), (4, 3, 0), (1, 2), (2,), (3, 0, 4), (3, 0, 2, 4), (2, 4, 0, 3), (4, 1, 0, 3, 2), (4, 1, 0, 2), (2, 1, 3, 0), (1, 0, 4), (3,)]
1((1,), 170.0, 'max', 1.0, (3,), 200.0, 'max', 1.0)
2((1, 3), 1475.0, 'max', 2.0, (1, 4), 1925.0, 'max', 2.0)
3((1, 3, 4), 18755.0, 'max', 3.0, (0, 1, 3), 19025.0, 'max', 3.0)
4((0, 1, 3, 4), 237905.0, 'max', 4.0, (1, 2, 3, 4), 284225.0, 'max', 4.0)

Modalist: [(4,), (0, 4), (0, 4, 3), (3, 4, 2, 0), (1, 4, 0, 3, 2), (4, 2, 3), (4, 3, 1, 2), (2, 3), (3, 0, 4), (0, 3), (0,), (0, 2, 3, 4, 1), (0, 3, 2), (0, 2, 3), (3, 1, 2), (2, 1), (1, 3, 4, 0), (3, 2), (2, 4, 1, 3), (3, 0)]
1((1,), 125.0, 'max', 1.0, (4,), 185.0, 'max', 1.0)
2((0, 1), 980.0, 'max', 2.0, (1, 4), 1415.0, 'max', 2.0)
3((0, 1, 2), 10385.0, 'max', 3.0, (0, 1, 4), 13970.0, 'max', 3.0)
4((0, 1, 2, 4), 149600.0, 'max', 4.0, (0, 1, 2, 3), 161825.0, 'max', 4.0)

Modalist: [(0,), (3, 0), (0, 3, 2), (2, 0, 1, 4), (1, 0, 3, 4, 2), (0, 4, 3, 1, 2), (0, 4), (3, 2), (3, 2, 1), (3, 0, 2, 4), (2, 3, 0, 4), (3, 4, 1), (3,), (4, 3, 0, 2), (2, 3, 4), (0, 4, 2, 3), (2, 3), (0, 1, 3, 2), (0, 4, 3, 2, 1), (1, 4)]
1((1,), 140.0, 'max', 1.0, (4,), 200.0, 'max', 1.0)
2((0, 1), 1460.0, 'max', 2.0, (1, 4), 1670.0, 'max', 2.0)
3((0, 1, 4), 18515.0, 'max', 3.0, (1, 2, 4), 18755.0, 'max', 3.0)
4((0, 1, 3, 4), 226880.0, 'max', 4.0, (1, 2, 3, 4), 234545.0, 'max', 4.0)

Modalist: [(0,), (4, 2), (0, 3, 4), (0, 2, 3, 1), (1, 3, 0, 2, 4), (4,), (4, 3), (2, 0, 1), (2,), (3, 0, 4, 1, 2), (2, 4, 3), (4, 0), (3, 0, 1), (4, 2, 1), (2, 4), (0, 1, 2), (1, 0, 2), (4, 0, 2, 3), (0, 3, 1), (0, 3, 2)]
1((1,), 155.0, 'max', 1.0, (3,), 170.0, 'max', 1.0)
2((1, 4), 995.0, 'max', 2.0, (1, 3), 1430.0, 'max', 2.0)
3((1, 3, 4), 10370.0, 'max', 3.0, (0, 1, 4), 10865.0, 'max', 3.0)
4((1, 2, 3, 4), 150065.0, 'max', 4.0, (0, 1, 3, 4), 153665.0, 'max', 4.0)

Modalist: [(0,), (1, 3), (1, 3, 0), (4, 1, 3, 0), (1, 3, 0, 4, 2), (0, 1, 2, 4, 3), (1,), (0, 2), (3, 2, 1), (2, 0, 3, 4, 1), (3, 0, 4, 2, 1), (0, 4), (3,), (2,), (4, 2, 0, 3), (4,), (3, 4, 1, 2), (3, 4, 1, 0, 2), (3, 4), (1, 4, 0)]
1((2,), 170.0, 'max', 1.0, (0,), 200.0, 'max', 1.0)
2((0, 2), 1925.0, 'max', 2.0, (1, 2), 1925.0, 'max', 2.0)
3((0, 1, 2), 22355.0, 'max', 3.0, (1, 2, 4), 25730.0, 'max', 3.0)
4((0, 1, 2, 4), 345185.0, 'max', 4.0, (0, 1, 2, 3), 349025.0, 'max', 4.0)

Modalist: [(1,), (3, 4), (4, 3, 1), (4, 3, 1, 2), (2, 3, 4, 1, 0), (4, 3, 1, 0, 2), (4, 0), (3,), (1, 2, 0, 4, 3), (3, 2, 4, 1), (2, 1, 4, 3, 0), (3, 2), (4, 0, 2, 1), (3, 1, 4, 2, 0), (1, 2, 3, 4), (2,), (2, 0), (3, 4, 2), (4,), (3, 0, 2, 4)]
1((0,), 155.0, 'max', 1.0, (1,), 185.0, 'max', 1.0)
2((0, 1), 1670.0, 'max', 2.0, (0, 3), 1715.0, 'max', 2.0)
3((0, 1, 3), 22130.0, 'max', 3.0, (0, 1, 2), 25955.0, 'max', 3.0)
4((0, 1, 2, 3), 349265.0, 'max', 4.0, (0, 1, 3, 4), 353105.0, 'max', 4.0)

Modalist: [(4,), (1, 0), (4, 1, 0), (1, 0, 2, 3), (4, 2, 1, 0, 3), (4, 3, 0, 1, 2), (2, 4, 0, 1), (1, 2, 0), (3, 2, 4, 1, 0), (1, 2), (0, 3, 2, 4, 1), (1,), (1, 4, 0, 3), (0,), (2,), (0, 4, 3, 1, 2), (3, 2, 1, 4), (2, 4), (1, 2, 3, 0), (2, 1)]
1((3,), 155.0, 'max', 1.0, (4,), 185.0, 'max', 1.0)
2((3, 4), 1895.0, 'max', 2.0, (0, 3), 2150.0, 'max', 2.0)
3((0, 3, 4), 25940.0, 'max', 3.0, (2, 3, 4), 25955.0, 'max', 3.0)
4((0, 2, 3, 4), 349025.0, 'max', 4.0, (1, 2, 3, 4), 410945.0, 'max', 4.0)

Modalist: [(3,), (2, 1), (1, 0, 2), (4, 1, 3, 0), (0, 2, 4, 1, 3), (2, 3, 0, 1, 4), (0, 4, 3, 1, 2), (2, 0), (3, 1), (0, 3, 1, 4), (0, 2), (0,), (1, 3, 4, 0), (0, 3), (2,), (4,), (2, 4, 3, 0), (0, 2, 4), (4, 3, 1, 2, 0), (1, 0, 3)]
1((4,), 170.0, 'max', 1.0, (1,), 185.0, 'max', 1.0)
2((2, 3), 1490.0, 'max', 2.0, (2, 4), 1685.0, 'max', 2.0)
3((1, 2, 4), 18275.0, 'max', 3.0, (1, 2, 3), 18530.0, 'max', 3.0)
4((1, 2, 3, 4), 279905.0, 'max', 4.0, (0, 1, 2, 4), 287825.0, 'max', 4.0)

Modalist: [(3,), (4, 1), (0, 1, 4), (3, 0, 4, 2), (0, 1, 3, 4, 2), (2, 3), (1, 4, 0), (1, 4, 3, 2, 0), (2, 4, 1), (4, 3, 2, 1, 0), (3, 1), (4, 1, 3), (2,), (1, 2), (4, 3), (0,), (2, 0, 3, 1, 4), (1, 3, 2), (1, 4), (0, 4, 3)]
1((0,), 155.0, 'max', 1.0, (2,), 170.0, 'max', 1.0)
2((0, 2), 1430.0, 'max', 2.0, (0, 3), 1685.0, 'max', 2.0)
3((0, 1, 2), 18050.0, 'max', 3.0, (0, 1, 3), 18305.0, 'max', 3.0)
4((0, 1, 2, 3), 272480.0, 'max', 4.0, (0, 1, 2, 4), 280145.0, 'max', 4.0)

Modalist: [(1,), (2, 1), (1, 0, 2), (2, 1, 0, 4), (0, 2, 3, 1, 4), (3,), (0,), (1, 2, 3, 0, 4), (1, 0, 4, 2, 3), (3, 0, 4), (4, 3, 0, 1, 2), (1, 4, 2), (0, 2, 4, 3), (0, 1, 3), (4, 0, 3, 2, 1), (4,), (0, 4), (1, 2, 3), (3, 4, 0, 2, 1), (2, 1, 4, 0, 3)]
1((3,), 200.0, 'max', 1.0, (2,), 215.0, 'max', 1.0)
2((2, 3), 2420.0, 'max', 2.0, (3, 4), 2420.0, 'max', 2.0)
3((1, 3, 4), 30305.0, 'max', 3.0, (2, 3, 4), 33890.0, 'max', 3.0)
4((1, 2, 3, 4), 476225.0, 'max', 4.0, (0, 1, 3, 4), 476240.0, 'max', 4.0)

        Modalist: [(4,), (0, 2), (2, 4, 3), (4, 3, 2, 0), (2, 1, 4, 0, 3), (4, 2), (2,), (4, 3), (0, 1, 4, 2), (1, 0, 3, 4, 2), (0, 3, 1, 2, 4), (1, 0, 4), (4, 0, 1), (1, 4, 3, 2), (0, 3, 4), (1, 4, 3), (3, 2, 0), (0, 1, 4, 2, 3), (2, 0, 3, 4), (0, 2, 4)]
        1((1,), 155.0, 'max', 1.0, (3,), 200.0, 'max', 1.0)
        2((1, 3), 1685.0, 'max', 2.0, (1, 2), 1715.0, 'max', 2.0)
        3((0, 1, 3), 18755.0, 'max', 3.0, (1, 2, 3), 22145.0, 'max', 3.0)
        4((0, 1, 2, 3), 284465.0, 'max', 4.0, (0, 1, 3, 4), 295985.0, 'max', 4.0)

Modalist: [(4,), (3, 4), (0, 3, 4), (1, 2, 0, 3), (3, 4, 0, 2, 1), (0,), (2, 3), (4, 2, 3, 0), (1, 3), (0, 4), (2, 4, 1, 3), (3, 1, 2), (4, 2, 0, 1), (0, 4, 2), (0, 4, 1, 2), (3, 2, 4, 0), (2, 1, 0), (0, 1), (3, 0), (2, 3, 1)]
1((1,), 170.0, 'max', 1.0, (4,), 185.0, 'max', 1.0)
2((1, 4), 1235.0, 'max', 2.0, (1, 3), 1700.0, 'max', 2.0)
3((1, 3, 4), 10865.0, 'max', 3.0, (0, 1, 3), 11345.0, 'max', 3.0)
4((0, 1, 3, 4), 96560.0, 'max', 4.0, (1, 2, 3, 4), 161345.0, 'max', 4.0)
